256
1	5	4	16	8	18	4	34	2	48	11	52	1	53	1	55	19	62	6	66	5	68	12	69	6	77	2	81	12	82	8	88	5	91	8	94	20	104	6	105	4	108	14	109	6	110	19	113	10	122	17	126	6	130	18	133	14	134	3	137	4	138	12	145	3	146	15	147	8	158	18	169	14	179	7	182	16	184	7	187	16	197	15	198	9	203	7	206	2	208	13	224	10	235	3	250	6	-1
2	11	3	18	7	23	8	33	6	42	19	50	3	60	11	69	13	74	9	79	1	81	12	83	20	85	10	97	11	99	20	100	11	102	3	104	6	105	8	107	9	109	18	111	2	116	16	118	6	122	16	129	13	132	12	134	12	136	3	142	7	143	12	144	9	149	14	157	4	160	13	163	15	169	6	176	18	177	7	186	6	190	13	192	8	212	16	213	20	218	7	235	2	236	9	237	4	239	15	244	1	245	18	248	2	254	8	-1
3	1	7	2	14	7	4	8	11	21	16	26	6	27	7	31	2	37	13	45	11	51	20	55	17	57	10	64	13	66	1	67	18	69	8	71	2	76	7	87	11	96	16	102	13	103	17	116	18	118	3	124	9	129	10	131	15	135	4	136	14	139	19	144	7	151	6	157	6	163	15	167	9	170	9	171	20	183	11	189	2	190	15	192	4	202	1	211	19	213	17	216	20	217	14	219	17	220	10	221	19	222	3	224	16	225	19	226	1	229	19	231	14	235	11	237	4	239	20	242	13	254	17	-1
4	13	4	15	17	20	13	24	5	26	12	28	4	30	9	36	19	40	18	44	10	58	11	63	19	67	13	70	1	73	8	82	11	90	16	92	8	97	10	99	9	101	7	106	16	114	3	116	13	120	19	122	8	124	7	128	14	131	16	133	4	137	7	140	16	149	13	150	18	154	18	162	16	172	12	173	8	176	2	180	14	186	8	194	8	201	16	205	11	216	7	219	1	227	15	232	12	248	11	252	8	256	4	-1
5	19	9	22	13	26	7	28	10	29	13	35	15	39	4	42	11	43	18	47	18	49	16	58	8	65	4	66	4	81	15	82	17	83	15	85	3	90	3	94	2	96	9	99	20	100	19	104	16	117	6	140	5	143	13	145	18	150	2	151	6	152	19	161	5	162	11	174	9	177	4	182	3	185	4	191	13	192	10	193	14	204	6	208	5	210	8	224	5	239	4	246	11	248	17	252	14	253	19	-1
6	5	7	15	4	17	10	21	19	32	4	33	17	35	13	36	1	39	15	46	11	50	16	54	11	57	3	58	3	66	2	73	20	78	10	80	16	89	3	91	15	97	15	100	1	108	19	114	12	140	13	141	13	144	14	149	14	152	20	154	16	167	8	168	7	177	19	179	1	182	1	187	4	191	11	197	20	205	18	213	8	214	14	220	15	235	19	236	6	242	9	243	1	246	13	247	16	254	9	-1
7	6	2	12	15	14	14	15	15	20	11	22	4	24	5	25	8	41	13	42	15	50	18	54	8	55	7	57	5	68	16	71	8	83	12	86	5	89	6	91	16	92	13	93	16	94	15	100	6	105	6	111	5	117	14	121	14	122	16	124	7	125	11	131	5	134	15	137	6	164	20	171	15	173	19	186	3	190	19	199	7	200	11	206	9	219	9	241	19	250	19	-1
8	1	4	18	1	31	12	33	11	42	3	47	3	50	3	52	19	54	1	62	3	63	15	70	8	71	7	75	7	78	2	84	15	88	9	89	2	91	5	93	4	111	13	115	3	125	13	126	9	127	9	129	8	134	9	137	7	138	13	139	9	140	16	143	2	144	17	151	17	156	19	163	6	166	11	167	14	169	11	172	11	173	19	174	7	178	11	179	19	197	20	198	2	204	15	212	13	223	11	225	12	228	9	230	15	235	14	239	6	241	3	243	5	252	10	253	10	254	8	256	19	-1
9	2	13	3	16	4	13	5	15	16	1	17	4	19	17	32	16	35	15	36	2	44	3	45	17	55	9	60	7	65	15	75	1	79	15	80	4	82	18	85	5	88	19	94	17	98	1	103	5	121	9	125	14	127	5	133	9	138	14	145	10	146	20	151	17	176	9	177	20	179	16	182	14	183	19	191	10	193	7	196	5	201	15	207	20	209	14	213	8	217	6	220	5	222	5	224	7	225	9	226	13	231	6	232	7	234	19	235	8	238	12	239	18	244	4	251	12	254	20	255	11	-1
10	1	1	6	6	11	18	21	12	23	16	25	6	27	6	32	17	33	11	37	17	38	4	40	14	44	4	49	17	52	7	57	10	61	3	64	11	67	15	70	17	74	14	80	12	83	18	86	7	90	4	106	9	110	3	114	15	115	18	121	6	132	14	139	17	140	7	143	13	147	10	151	10	153	19	158	7	159	7	167	17	170	3	174	11	180	15	187	20	190	9	192	17	193	11	196	11	199	17	203	10	204	11	217	17	218	13	232	6	234	3	237	18	244	18	250	14	251	16	256	7	-1
11	1	5	5	17	10	9	16	14	17	4	23	5	32	13	37	6	45	14	50	9	53	6	55	10	58	7	72	14	84	13	87	12	96	15	100	1	102	16	103	15	110	13	111	2	116	1	122	6	123	13	132	5	133	19	138	15	147	1	148	11	154	3	155	7	163	5	164	4	182	8	190	7	191	12	194	11	199	20	201	3	204	17	209	19	216	20	219	18	231	11	245	2	-1
12	7	3	14	8	18	9	29	13	31	8	36	16	48	3	52	4	69	12	75	16	79	17	82	5	87	17	88	2	94	14	99	2	108	20	116	8	121	3	126	5	132	4	134	15	135	8	136	11	141	15	143	2	146	2	152	9	154	10	160	9	167	18	169	9	170	5	174	13	175	6	176	20	178	4	194	13	206	10	214	11	215	1	227	20	230	14	234	20	235	20	242	6	245	14	250	8	-1
13	1	16	18	1	20	20	21	3	25	12	34	3	36	18	37	14	40	2	42	7	44	9	46	6	50	2	56	4	68	15	74	9	76	12	77	15	83	15	100	17	102	17	103	3	104	20	108	11	113	15	114	11	115	17	117	6	118	16	119	11	129	13	131	3	134	13	135	7	137	9	139	11	149	11	153	19	162	11	164	1	166	19	168	19	169	17	176	17	185	6	186	2	195	10	196	9	197	14	202	6	206	2	213	2	219	20	225	14	232	13	234	14	235	20	247	1	249	19	-1
14	8	10	9	3	11	3	16	13	39	7	45	18	58	10	60	16	61	6	64	14	69	16	94	5	104	8	114	11	120	10	124	11	129	2	138	1	139	6	142	20	145	18	149	10	151	7	159	14	160	14	164	7	165	5	189	19	190	10	193	17	203	10	214	1	216	13	219	10	220	8	229	16	242	8	244	13	253	15	255	6	-1
15	4	10	9	12	12	5	18	7	21	7	22	17	40	20	45	14	46	20	49	13	53	10	55	8	59	16	62	8	63	3	71	12	73	16	79	19	80	7	85	8	89	9	91	14	92	16	93	11	96	15	99	1	100	1	105	18	109	1	112	15	119	16	128	10	131	7	132	13	140	3	151	15	153	7	155	16	160	14	162	11	170	4	179	16	183	2	185	4	192	9	199	20	205	17	211	11	212	10	216	5	218	11	223	13	230	6	235	11	239	17	247	5	249	18	251	9	252	11	-1
16	6	6	24	17	26	12	27	2	34	2	42	8	49	20	78	3	81	1	87	1	102	4	106	3	110	1	114	8	119	15	121	4	124	12	129	13	144	13	147	14	148	15	158	2	163	17	168	17	169	13	170	8	173	11	176	17	177	17	182	5	183	11	191	14	196	9	199	12	201	13	202	18	207	18	213	11	221	8	224	4	229	13	243	16	248	15	252	13	255	13	-1
17	2	9	22	2	24	15	26	5	30	14	39	14	47	6	51	11	52	16	59	18	64	6	65	6	66	10	72	4	78	7	84	13	88	11	93	20	94	8	96	19	99	1	103	20	105	15	110	6	112	18	115	11	116	6	118	9	126	2	131	17	132	6	135	13	138	7	144	6	148	1	152	3	169	8	178	1	189	7	202	20	213	9	221	15	225	14	237	18	242	7	245	4	249	14	254	13	255	11	-1
18	3	12	4	6	5	12	8	4	12	4	15	11	16	20	20	19	23	10	24	10	31	5	39	12	42	13	47	20	51	16	82	11	85	9	91	20	92	6	99	16	114	14	122	18	127	1	135	5	138	15	139	13	140	3	141	10	144	13	145	1	152	19	154	14	161	19	167	20	186	10	187	2	189	14	200	4	208	6	225	9	227	9	231	20	237	17	243	12	251	4	253	4	255	4	256	1	-1
19	8	17	14	19	21	20	23	15	43	1	54	16	57	12	63	10	71	6	74	14	79	12	85	10	98	13	115	11	122	20	135	10	139	16	144	5	148	16	160	20	162	20	164	4	167	19	169	3	183	9	186	8	198	3	207	14	209	17	212	3	216	12	220	16	235	1	242	12	247	12	248	19	-1
20	1	12	4	18	8	19	9	7	22	14	23	19	29	12	33	12	37	9	41	9	53	10	64	17	77	8	79	14	87	11	95	4	96	7	111	11	114	20	115	1	120	16	125	10	128	20	138	3	139	20	141	17	147	8	160	9	165	11	168	13	170	1	173	1	175	2	184	19	188	20	190	16	197	13	201	17	203	6	204	5	205	16	207	14	210	4	220	16	229	14	230	14	232	7	244	8	245	4	-1
21	5	11	10	6	12	1	16	7	23	14	26	11	40	4	41	14	43	12	47	10	54	17	71	11	80	13	85	6	90	15	98	18	102	4	109	17	112	19	129	11	135	8	140	6	143	10	145	5	146	11	150	12	157	3	160	2	178	2	179	16	184	10	187	18	188	19	196	14	198	3	200	20	202	3	215	11	221	9	223	12	226	19	235	8	239	20	241	3	244	5	247	17	248	20	250	11	256	5	-1
22	1	6	3	2	4	12	5	9	14	6	16	20	17	12	23	8	36	4	37	12	49	10	51	1	52	16	55	20	59	4	73	7	80	19	84	3	95	8	99	12	109	5	124	1	126	3	129	4	132	1	135	11	136	15	144	9	151	1	154	6	155	18	157	4	162	16	165	9	173	15	177	9	188	9	191	4	197	4	201	17	206	6	207	5	210	8	211	15	216	6	219	16	220	16	226	8	230	8	232	11	238	20	240	5	242	17	244	12	245	16	251	16	-1
23	3	10	6	9	12	16	17	1	19	20	20	20	27	13	28	1	29	11	56	8	66	13	76	14	77	8	89	17	90	16	93	13	94	8	97	4	103	12	107	9	108	13	115	6	117	19	125	4	129	13	131	4	139	16	142	6	149	2	150	14	151	19	152	4	153	17	158	13	178	16	191	12	192	15	198	2	206	16	208	1	212	14	215	15	217	1	222	16	223	12	232	8	233	5	235	5	240	14	242	9	249	7	251	4	252	18	253	13	-1
24	1	5	4	1	6	12	7	1	9	10	10	1	11	4	15	14	18	15	22	13	26	12	30	11	33	15	35	15	36	16	38	7	43	18	60	3	71	14	75	12	83	4	84	19	91	5	95	3	106	1	114	6	122	13	127	17	134	12	137	1	150	9	152	19	163	12	175	12	177	20	191	20	194	15	195	13	197	6	199	7	202	20	212	8	213	4	215	16	222	4	230	9	234	3	248	6	249	4	255	1	-1
25	1	8	3	18	9	8	14	5	16	10	19	13	22	17	36	2	38	6	39	14	43	19	45	12	46	18	59	10	61	12	62	18	74	3	80	1	84	10	87	20	89	4	91	10	93	7	104	10	107	15	109	10	112	8	119	4	120	17	121	2	123	20	124	12	127	10	137	5	138	5	144	1	159	9	172	17	175	2	178	13	186	16	190	18	197	16	200	7	203	10	214	8	215	4	217	2	222	7	223	9	228	8	247	19	248	12	251	4	-1
26	8	13	9	5	13	20	23	4	31	2	32	16	46	8	52	20	54	6	60	12	62	17	70	2	71	19	72	11	80	6	88	4	90	17	94	20	104	10	108	12	115	15	124	14	127	20	129	2	137	2	139	19	140	8	142	4	143	6	144	18	157	1	166	7	170	9	176	13	182	8	183	4	185	11	191	1	196	18	198	9	200	13	223	11	226	15	235	4	239	1	243	13	247	5	250	1	253	9	254	19	-1
27	2	8	3	2	9	13	18	18	29	10	31	11	32	10	45	8	49	13	61	15	66	19	68	17	70	9	84	18	94	6	95	8	97	8	98	10	102	19	104	10	106	15	126	18	127	3	128	12	131	11	135	18	137	15	138	15	144	14	157	10	161	19	163	14	167	6	171	12	173	17	174	1	176	12	178	5	193	6	194	10	199	5	203	8	208	18	209	16	210	20	212	6	214	2	218	4	222	9	223	18	228	9	230	19	231	6	233	20	240	14	244	8	246	11	-1
28	6	2	9	20	15	2	27	4	33	4	42	8	44	13	47	11	50	11	56	5	58	8	66	8	70	3	78	3	89	16	96	16	99	4	100	6	105	17	106	18	109	14	111	19	118	16	132	19	137	10	139	5	145	9	146	7	158	14	161	20	163	20	164	19	168	9	170	1	175	3	178	7	179	10	182	17	190	2	193	15	196	20	197	6	206	13	207	18	208	5	217	18	221	15	222	18	236	15	243	12	247	14	251	2	-1
29	1	5	5	7	16	20	17	16	26	3	33	15	35	2	36	19	38	19	39	3	41	5	44	5	47	5	49	19	56	7	57	16	61	20	64	18	76	17	88	16	89	9	91	18	93	1	98	13	109	8	118	3	120	15	127	4	131	16	133	5	136	3	141	12	149	6	158	7	163	15	170	2	173	13	178	8	182	17	192	1	194	16	198	5	207	19	215	8	218	7	220	15	224	3	227	3	228	13	234	14	246	19	247	17	249	11	251	12	253	16	-1
30	2	2	12	9	14	7	22	7	26	10	28	12	32	17	35	9	44	9	46	20	57	10	60	7	64	18	65	14	67	18	75	13	76	5	79	4	88	17	91	17	93	14	95	11	98	5	99	15	100	8	101	12	103	4	109	19	114	9	123	14	124	13	130	2	131	20	134	19	140	13	148	19	149	16	167	5	172	9	173	9	174	20	179	4	185	16	200	18	204	7	208	3	212	5	225	14	228	7	230	13	240	19	241	17	243	8	246	2	255	14	256	7	-1
31	4	12	6	8	7	9	8	9	10	8	16	20	18	14	19	10	35	17	36	14	48	1	56	16	57	6	59	19	62	11	63	9	66	17	74	16	76	15	82	16	90	11	95	2	98	13	109	2	115	16	117	3	118	10	127	3	128	5	135	6	138	15	141	2	143	11	154	16	156	19	157	11	166	19	168	13	174	11	176	2	180	6	184	20	191	5	196	8	202	19	207	9	210	5	217	20	218	14	223	5	231	17	233	2	254	8	255	19	-1
32	5	6	6	7	8	9	9	10	12	14	19	17	29	9	39	4	46	5	49	14	50	8	52	2	61	4	67	19	72	14	74	7	76	15	79	13	97	14	102	18	108	3	124	15	125	7	129	20	133	8	139	7	140	17	153	12	154	12	155	19	156	9	164	5	165	19	167	9	174	15	181	16	194	8	196	18	197	9	210	7	213	6	217	14	218	12	219	20	221	12	228	12	239	3	244	17	245	10	247	1	253	15	254	12	-1
33	4	15	12	7	13	14	17	1	21	3	23	7	25	6	26	18	29	7	32	14	34	14	36	7	39	12	48	11	54	16	70	9	81	1	89	19	91	14	92	13	98	16	99	8	104	1	111	16	112	13	121	13	126	2	127	18	139	12	140	9	155	20	156	3	163	4	168	11	170	4	171	15	173	11	176	20	196	1	200	17	204	9	208	12	210	17	211	15	218	5	223	3	226	8	233	1	241	5	248	3	252	15	253	7	254	20	-1
34	1	6	2	18	10	3	11	2	19	2	31	10	38	19	40	18	50	16	56	8	58	9	59	8	65	11	69	3	71	1	72	10	73	19	76	15	78	14	79	4	80	4	81	19	82	7	92	12	93	2	94	14	95	19	97	5	101	16	102	4	104	7	106	9	108	6	112	9	114	10	117	18	123	20	127	9	128	8	130	13	138	10	142	7	145	16	146	5	159	14	162	14	164	12	167	13	172	9	176	7	181	3	185	12	189	17	191	1	196	10	198	8	199	14	202	16	209	9	213	14	215	14	216	10	221	17	227	12	230	9	231	18	239	9	246	2	247	3	249	7	-1
35	4	5	7	2	8	12	20	8	21	17	42	15	48	18	52	14	55	14	78	1	89	3	91	9	104	8	117	10	119	18	127	11	150	13	151	1	157	15	162	17	167	6	169	13	171	14	176	16	183	20	186	7	191	16	208	7	210	18	211	2	217	6	218	4	219	18	223	2	236	7	241	11	244	11	245	10	-1
36	5	13	6	20	7	20	21	9	25	2	31	19	42	8	49	14	52	14	54	9	61	9	65	9	66	3	68	18	70	3	72	16	76	14	83	16	86	19	93	5	95	19	100	3	103	9	104	6	134	15	138	7	139	8	140	7	144	5	156	2	159	12	161	6	162	19	165	4	171	3	182	2	188	8	193	14	195	4	200	5	201	18	212	14	220	8	223	5	234	18	238	6	244	8	248	20	-1
37	8	17	12	3	13	5	20	6	27	2	30	6	34	18	49	3	53	18	60	9	61	3	78	19	89	13	95	7	97	5	106	3	107	10	111	20	114	10	116	13	127	11	132	20	136	20	137	1	139	10	142	18	146	4	150	11	151	7	153	13	158	12	160	12	162	13	163	16	168	8	173	18	174	8	180	16	197	18	199	19	203	17	206	15	210	20	217	6	218	20	221	11	224	9	226	11	233	16	235	3	237	17	238	3	243	15	244	13	245	6	247	13	249	9	251	4	-1
38	6	10	12	7	14	13	16	5	20	5	22	19	25	10	27	8	29	17	30	18	42	10	43	16	50	16	61	16	62	4	63	7	68	18	81	14	91	15	103	7	105	12	113	20	115	17	116	4	117	15	119	9	120	10	122	4	143	7	144	9	147	20	149	3	151	10	159	11	176	20	177	4	178	4	179	6	182	13	183	11	191	12	192	2	195	11	197	1	198	14	209	8	221	10	224	17	228	4	230	17	241	14	253	4	254	14	-1
39	20	4	24	20	26	13	27	16	36	12	38	12	42	11	47	11	49	10	69	16	73	18	80	19	81	10	82	19	85	3	87	6	95	4	96	5	97	7	98	19	109	5	119	12	129	11	133	9	136	16	138	12	139	5	144	13	148	17	166	3	167	7	170	16	174	17	189	15	193	18	198	13	199	7	222	14	224	10	228	19	230	9	231	1	247	11	254	14	-1
40	5	9	11	12	17	12	34	9	39	17	41	7	44	15	48	16	50	5	53	10	56	10	60	1	67	20	74	9	81	16	83	20	87	4	88	14	94	3	99	17	100	9	101	1	113	19	114	4	117	18	120	17	129	15	134	2	135	10	139	8	145	9	151	14	161	19	163	3	171	9	176	9	180	6	183	12	194	5	195	8	197	3	201	17	202	8	217	20	222	14	227	4	231	19	236	6	237	11	238	6	246	2	251	18	-1
41	6	20	10	8	11	8	29	3	36	19	38	19	39	16	59	17	61	2	62	3	76	9	78	11	79	8	99	2	107	5	109	10	110	10	113	8	117	7	119	2	120	18	126	16	129	14	134	5	140	10	145	20	154	2	157	13	159	3	161	1	162	11	165	13	168	14	172	8	173	3	180	4	184	17	192	5	197	17	199	11	203	17	204	3	210	15	211	19	212	12	217	3	219	14	224	12	225	3	230	13	234	4	243	12	247	10	250	1	252	13	253	20	-1
42	6	5	14	11	15	14	28	14	36	12	40	1	41	12	45	12	47	4	51	3	53	9	56	10	58	4	64	7	89	13	95	15	96	12	97	16	98	11	102	19	116	8	120	16	128	3	129	10	131	6	136	7	137	3	139	15	143	12	144	1	148	17	150	19	158	8	161	9	163	3	167	14	169	9	172	13	173	12	177	17	182	18	184	6	187	9	189	10	191	4	194	3	196	7	198	20	202	12	203	5	218	19	221	20	222	20	224	9	227	14	228	16	234	16	254	6	256	1	-1
43	2	7	6	19	11	9	14	12	15	7	16	17	18	11	20	16	31	10	32	14	40	12	41	17	46	5	50	13	58	20	60	3	64	11	67	3	68	15	69	13	72	19	75	18	76	19	77	10	93	11	96	15	100	12	101	4	118	6	125	14	126	4	132	2	142	19	149	3	156	15	162	11	165	5	169	2	170	17	177	1	188	12	191	9	192	11	194	4	196	3	199	11	200	13	201	15	202	8	203	5	211	4	212	10	214	15	226	12	237	6	239	7	242	12	245	15	250	8	252	13	-1
44	1	9	4	17	5	2	9	11	16	1	17	4	21	5	28	7	29	13	31	11	35	14	40	20	41	5	46	5	50	20	54	5	65	15	66	10	69	6	71	10	78	14	89	18	100	12	103	6	104	12	105	16	107	12	113	12	116	7	117	4	124	1	134	19	139	20	148	19	151	1	152	5	159	9	161	8	162	19	164	8	170	9	175	9	179	7	182	10	185	13	191	3	199	16	209	4	225	19	229	16	232	16	247	9	252	7	256	19	-1
45	3	19	6	3	8	20	13	15	18	11	20	10	33	3	39	6	40	10	54	5	60	1	62	15	65	18	72	6	73	18	74	9	75	10	93	10	98	7	103	9	110	18	111	10	122	20	124	18	126	5	132	19	135	8	150	19	152	2	153	13	163	20	168	19	175	15	181	13	185	15	187	15	198	9	199	16	200	17	209	8	210	16	218	16	227	20	229	15	230	17	232	7	233	9	236	15	237	8	238	10	240	17	249	1	251	15	-1
46	10	1	12	16	13	9	21	12	22	6	23	5	29	6	39	18	56	8	57	15	60	6	62	8	64	17	66	20	80	20	87	5	91	18	92	13	95	7	103	16	105	16	108	1	117	11	118	20	120	7	121	17	124	14	126	10	127	5	130	9	134	4	148	6	162	6	165	5	173	7	184	18	187	2	190	3	198	4	199	17	208	13	210	19	211	13	214	13	215	12	216	17	217	3	228	20	240	12	247	3	256	9	-1
47	1	10	2	2	11	1	12	14	20	17	35	14	40	19	44	16	50	19	53	18	62	19	65	18	66	11	69	14	72	5	74	15	88	16	101	4	104	2	107	12	108	9	111	9	120	4	123	13	124	2	126	12	128	19	133	15	134	15	136	19	137	8	140	14	144	8	145	4	146	7	148	4	150	11	156	17	158	7	163	11	170	16	180	7	181	12	186	5	193	13	197	3	198	10	201	11	202	16	203	17	217	8	218	6	219	6	224	12	226	2	230	7	234	20	252	16	253	4	-1
48	5	18	10	6	16	12	20	18	21	6	22	16	29	14	31	9	32	13	33	17	40	20	42	10	43	13	55	14	57	5	58	3	59	20	62	12	64	11	67	18	70	15	73	2	78	8	84	4	86	7	96	20	102	15	112	3	116	8	118	19	126	4	128	10	129	16	131	16	134	1	135	4	137	14	138	18	139	14	143	17	145	14	148	10	154	8	163	7	170	12	173	7	189	18	192	11	196	16	199	17	200	19	203	5	204	11	209	9	212	1	214	4	222	18	230	20	231	6	237	17	242	6	249	19	251	10	256	16	-1
49	11	10	16	12	28	16	29	19	38	18	54	7	56	3	72	19	74	6	77	7	78	20	82	2	90	19	93	20	95	3	103	12	105	19	106	12	114	14	115	15	119	6	120	7	123	20	126	16	133	14	139	4	143	7	145	5	146	7	150	15	151	14	157	10	173	6	177	19	178	5	182	16	191	10	205	11	210	8	212	19	220	11	228	9	230	1	233	12	235	11	236	4	239	4	252	19	254	11	-1
50	7	13	13	6	19	3	20	6	22	8	24	3	33	12	36	18	43	17	46	1	48	18	56	11	59	20	63	7	68	11	74	20	91	15	94	14	109	3	110	1	111	7	112	13	123	4	127	10	128	17	129	15	140	20	147	14	148	16	150	18	152	11	156	1	158	8	162	19	164	13	166	8	174	16	178	9	179	5	185	12	189	2	192	5	193	12	195	18	196	5	200	19	209	10	211	7	225	13	228	7	242	2	256	20	-1
51	2	6	5	15	6	8	8	16	9	19	15	12	16	10	22	6	33	11	35	9	40	4	45	1	49	17	53	3	57	1	68	11	71	10	75	6	84	8	88	7	96	10	103	10	115	10	120	19	125	16	128	13	131	12	136	7	138	19	140	17	143	8	145	14	165	17	167	6	178	9	185	3	191	10	194	20	198	6	201	6	205	3	214	15	219	17	221	18	222	14	229	20	232	9	238	18	241	8	251	14	-1
52	6	13	7	20	12	20	16	9	17	12	20	2	28	4	30	17	31	2	33	6	39	10	42	17	49	18	64	14	70	18	73	5	74	4	77	14	79	14	81	11	82	14	83	11	84	19	100	7	105	19	108	14	114	16	115	16	118	14	120	15	125	8	144	7	147	13	148	9	158	12	161	2	164	15	171	1	174	16	176	7	183	17	192	2	193	17	197	13	199	9	203	6	206	19	215	10	218	1	223	3	225	1	226	18	227	6	235	13	242	19	243	14	245	9	246	16	248	8	251	2	256	16	-1
53	2	1	4	7	11	8	12	9	21	15	23	20	24	8	38	19	42	18	43	12	57	8	58	10	64	9	68	12	70	15	71	7	77	8	78	13	86	2	89	18	95	10	99	11	103	17	106	9	107	18	112	3	119	8	121	16	122	1	135	7	140	5	141	7	142	15	144	19	147	12	156	17	170	7	177	10	178	2	181	11	187	1	192	10	193	7	194	17	196	6	200	13	202	2	205	10	208	14	220	7	221	19	229	15	238	3	247	2	249	17	-1
54	2	19	3	20	12	17	14	12	24	14	27	1	29	20	30	13	38	19	47	19	48	13	50	10	56	9	57	8	61	17	69	16	70	18	72	19	73	6	74	3	102	14	105	19	109	7	110	5	120	17	122	3	125	14	132	9	144	1	146	9	149	11	151	16	160	10	161	17	163	1	166	5	171	1	177	6	180	11	195	20	197	1	201	12	202	11	213	8	216	8	219	14	224	12	230	6	234	9	241	8	242	14	247	5	254	20	255	6	-1
55	2	1	3	1	7	12	19	5	20	8	28	18	38	3	46	9	59	2	60	19	68	19	70	19	72	10	82	5	92	10	104	2	114	14	115	17	116	20	117	13	118	17	120	1	124	1	127	5	130	2	140	11	143	15	144	3	152	15	159	13	163	11	166	9	168	3	178	20	188	15	189	1	192	18	195	7	209	18	210	10	213	7	215	16	217	5	222	8	228	13	239	8	241	15	252	2	254	13	255	11	-1
56	8	8	22	1	24	3	25	11	27	1	31	13	32	15	33	5	34	2	43	15	45	1	53	10	62	7	74	19	77	4	78	3	82	1	88	9	90	3	91	12	103	19	117	19	118	13	119	11	121	2	124	18	130	12	131	20	132	17	139	7	143	5	145	6	150	5	151	17	157	2	165	14	167	16	168	20	176	10	184	8	187	11	188	7	196	15	199	12	210	18	213	12	228	7	229	5	234	5	235	11	236	2	238	13	240	8	247	13	252	16	254	18	256	19	-1
57	16	19	20	16	21	4	22	15	24	13	30	15	33	19	39	5	41	10	49	20	50	7	56	6	62	11	64	13	68	5	82	17	83	9	90	6	92	7	94	3	95	9	96	7	99	12	111	17	115	8	118	20	119	4	122	17	123	3	125	16	132	20	137	13	139	13	141	4	148	20	150	8	157	8	162	8	164	12	165	15	168	10	172	11	177	16	180	7	184	13	186	8	193	18	195	18	196	2	200	18	205	7	211	19	219	9	220	1	235	11	244	3	247	15	249	8	252	13	253	11	-1
58	9	14	10	7	14	2	15	8	19	11	25	14	33	7	38	13	40	4	44	13	45	10	52	6	53	5	60	12	63	11	70	7	78	20	79	4	82	13	88	18	91	18	101	8	109	20	110	8	118	12	123	14	125	3	129	18	133	20	137	10	145	15	147	7	151	3	161	3	162	3	166	14	173	12	176	12	177	9	183	7	189	6	191	11	193	13	204	19	211	2	221	6	227	15	229	7	231	7	247	18	248	7	251	6	-1
59	4	17	8	15	15	7	17	17	25	1	33	6	39	13	50	12	52	5	57	20	58	5	62	1	67	8	71	5	72	18	75	2	80	16	82	19	83	18	89	13	93	16	98	20	99	4	102	2	106	7	107	20	131	7	136	8	140	4	142	12	166	20	181	18	186	3	187	4	188	17	190	9	191	1	196	2	200	4	201	13	205	12	207	3	211	11	213	19	214	13	218	10	219	10	222	20	223	15	231	8	232	8	234	17	235	12	244	12	250	1	251	17	253	12	255	14	-1
60	1	15	5	11	12	16	17	14	46	8	49	10	50	11	54	16	57	15	61	1	66	1	67	19	70	4	77	14	79	10	83	18	85	10	86	7	89	11	102	20	104	9	105	6	107	3	110	20	112	6	114	5	132	19	133	16	139	12	144	6	147	7	148	6	151	14	152	18	153	11	154	2	155	7	165	15	175	7	190	6	191	3	204	15	207	18	212	13	216	19	223	5	225	1	227	20	239	14	241	7	243	3	250	20	253	5	-1
61	10	18	15	8	23	20	30	6	31	10	34	19	35	1	36	10	39	3	44	20	55	5	59	16	62	8	68	3	77	7	91	15	107	4	108	3	111	15	114	10	117	9	121	13	122	19	130	7	133	4	136	2	138	3	139	3	141	10	142	14	146	13	152	20	153	15	155	19	160	1	162	15	169	4	170	7	174	19	176	2	184	10	185	7	186	7	189	20	191	13	201	1	202	16	204	12	206	12	209	6	210	13	211	14	216	20	218	20	220	19	221	1	222	4	230	4	237	15	253	1	255	11	-1
62	15	9	22	3	23	3	29	11	32	18	37	1	43	4	49	13	60	8	65	6	67	10	69	20	70	9	71	1	74	20	75	2	78	10	82	3	83	9	86	17	100	14	102	1	109	6	111	20	117	4	118	17	123	15	124	6	131	18	141	19	142	7	147	2	150	6	155	19	156	8	159	3	160	5	174	17	182	19	201	3	209	18	210	1	212	5	215	2	221	20	225	14	232	16	244	2	251	8	255	11	-1
63	7	20	9	16	17	2	18	8	35	3	38	4	41	6	45	11	77	14	78	8	83	8	87	16	95	5	109	3	118	1	127	14	129	10	135	13	137	14	139	14	140	5	144	15	154	8	155	20	157	14	160	19	163	3	166	4	176	12	181	5	191	14	192	5	197	18	204	20	210	13	224	7	226	11	246	15	248	1	251	11	-1
64	6	1	7	8	17	5	19	8	24	3	30	10	33	9	41	14	44	19	55	8	57	9	66	12	68	17	76	20	78	5	83	8	85	3	86	19	90	16	93	9	95	3	98	11	102	11	109	3	111	3	127	3	133	9	136	8	147	10	151	7	154	18	162	15	170	11	174	5	180	11	181	13	188	14	192	2	199	17	202	14	212	19	213	5	222	13	224	14	229	1	233	18	236	12	241	11	243	18	247	10	251	12	254	17	-1
65	2	6	13	5	30	20	34	20	35	9	37	4	39	20	43	7	49	2	52	1	54	7	61	8	62	16	63	12	68	19	69	18	70	8	73	6	81	13	87	12	90	9	92	7	97	12	103	3	105	15	108	12	117	11	118	16	121	3	122	15	124	14	134	10	135	9	157	3	159	9	169	11	170	19	205	3	207	2	211	13	213	19	215	12	217	17	218	19	226	14	227	15	231	7	237	3	239	15	242	9	244	6	247	8	250	10	-1
66	7	17	8	5	18	13	19	5	33	9	35	13	43	10	49	3	50	12	51	6	63	1	64	16	68	17	71	2	73	6	80	19	87	19	90	7	92	17	94	12	98	1	105	18	107	17	120	12	137	11	140	6	148	6	152	17	153	18	158	20	173	10	183	8	184	6	186	13	192	5	195	7	196	4	215	8	216	18	218	15	220	15	222	11	223	16	229	12	233	14	236	1	239	7	242	14	248	13	250	7	-1
67	3	3	5	3	6	14	9	10	10	14	12	4	20	12	28	19	31	2	32	4	34	15	42	10	44	13	58	20	61	19	62	19	68	8	72	4	83	17	85	1	86	11	89	14	92	10	94	8	98	11	100	17	101	20	105	14	107	6	111	16	113	12	119	10	120	11	121	16	122	8	124	7	126	10	134	20	136	11	138	17	140	9	144	1	145	20	149	16	151	4	154	13	156	12	159	20	165	3	171	14	172	14	173	19	179	7	182	13	191	16	199	1	209	15	218	1	219	19	227	16	230	6	241	20	252	5	253	2	256	20	-1
68	13	11	18	11	37	18	45	11	46	5	49	11	51	14	57	14	64	11	69	19	73	3	80	6	83	11	90	7	94	7	99	14	103	12	105	17	107	7	118	17	129	17	135	12	140	9	141	17	145	12	154	6	163	8	164	19	167	18	186	11	200	4	201	20	211	4	246	3	247	4	-1
69	1	20	5	14	8	5	10	2	15	14	16	5	18	5	21	1	24	14	30	8	42	6	45	11	46	3	71	1	74	16	91	3	93	9	95	15	97	15	98	15	121	6	144	16	150	19	166	4	168	11	174	16	175	16	177	10	184	5	197	19	198	7	204	7	208	12	210	16	220	13	222	12	224	1	225	18	249	6	253	10	255	9	-1
70	9	9	23	15	25	12	27	17	30	5	34	19	40	17	47	11	55	9	59	10	61	6	65	13	75	9	85	10	87	8	91	1	95	11	98	13	99	2	100	7	104	19	110	14	114	4	136	11	144	13	145	8	146	4	158	8	163	7	171	1	173	4	175	3	179	6	187	1	190	18	197	16	200	20	208	20	212	6	221	16	222	3	223	7	225	18	231	1	233	3	237	6	248	10	250	13	252	10	253	5	-1
71	8	19	13	13	27	3	28	17	30	11	44	13	46	1	49	15	55	7	60	2	68	13	81	9	82	15	88	5	109	15	110	5	112	15	113	18	117	18	121	1	124	20	136	13	145	13	150	14	152	5	161	7	166	20	187	11	189	10	198	15	200	14	206	2	209	2	212	19	224	14	226	8	232	20	234	20	238	7	246	20	-1
72	1	5	3	4	5	3	7	4	14	19	15	20	18	9	21	15	29	9	30	19	31	15	32	18	34	15	36	6	38	8	40	16	44	12	50	11	52	9	55	6	57	1	66	16	68	17	75	6	89	6	93	9	107	2	108	16	115	1	116	2	128	17	138	11	140	17	142	20	149	9	157	19	184	5	185	6	187	4	197	4	202	7	212	20	217	2	220	9	221	20	222	15	223	16	228	18	231	14	243	10	245	1	253	18	-1
73	2	16	5	6	9	16	15	11	21	11	24	8	32	16	41	6	44	5	45	9	53	13	56	18	62	13	67	18	71	11	78	11	90	19	93	16	97	20	100	7	110	17	134	1	136	8	138	17	142	2	143	19	144	18	160	6	171	6	173	2	174	17	177	13	179	10	180	16	181	3	183	8	185	9	191	13	195	20	203	7	209	19	222	17	223	17	231	2	232	11	233	2	235	10	237	11	245	7	252	5	-1
74	2	2	6	12	8	8	13	15	23	4	27	19	29	15	31	6	32	4	34	1	40	1	41	6	45	18	54	19	62	12	65	8	80	7	85	8	86	5	87	5	90	15	93	9	101	11	102	4	114	1	115	15	127	10	133	16	140	15	141	4	142	7	143	3	146	13	149	8	151	2	154	17	159	12	161	14	166	1	171	14	173	1	178	16	188	10	189	9	194	20	205	7	209	19	214	5	216	19	217	9	221	17	226	12	238	9	246	3	248	19	249	7	250	10	255	8	-1
75	3	7	11	2	25	1	36	7	42	14	45	6	53	2	65	6	67	18	74	1	78	19	81	9	82	20	83	3	89	15	94	12	118	5	121	6	123	2	124	11	127	1	132	10	141	6	144	16	148	12	156	2	158	11	160	20	162	4	163	1	174	6	177	6	195	18	198	17	202	18	208	8	209	17	214	11	219	5	225	15	226	14	238	5	243	8	248	8	252	19	253	8	-1
76	2	14	19	10	29	8	30	14	34	16	37	6	50	2	58	16	63	2	64	17	68	12	70	20	82	2	92	17	96	12	97	14	98	1	104	20	114	4	118	1	120	14	122	7	133	19	137	1	138	13	145	16	151	3	153	8	159	16	164	20	169	20	177	19	179	18	182	7	192	19	197	2	202	1	206	16	209	9	213	1	224	2	226	8	228	12	232	9	237	6	243	14	-1
77	3	10	5	14	9	17	17	10	18	19	20	5	24	9	30	11	31	20	36	19	43	19	45	15	46	14	48	2	50	14	63	14	67	6	69	9	72	2	75	7	80	5	83	8	88	6	91	10	92	16	93	10	98	7	109	10	114	13	117	3	129	16	130	18	136	20	144	9	150	7	156	14	158	20	162	19	163	18	167	13	168	2	173	18	174	7	177	14	178	6	179	15	181	2	186	8	192	4	200	3	207	19	208	8	213	19	215	4	220	11	221	8	229	15	233	13	240	1	241	9	244	7	251	10	-1
78	16	17	21	3	24	2	29	5	53	9	63	7	64	17	71	20	72	10	99	5	104	4	110	18	119	17	121	13	129	18	135	12	137	16	142	6	145	8	148	3	149	12	155	12	161	20	170	17	171	17	178	13	183	2	185	1	187	7	188	15	192	10	196	1	198	6	199	18	203	1	204	4	211	1	218	20	228	18	244	16	245	12	251	14	255	5	-1
79	3	11	9	11	10	16	12	3	17	14	18	4	20	11	22	16	26	4	32	15	35	3	45	8	65	18	74	13	83	7	87	8	89	5	91	5	92	12	98	19	102	16	116	14	117	6	119	1	120	19	125	4	126	14	127	17	130	6	137	4	145	15	152	14	157	11	158	10	160	15	169	3	170	6	173	9	175	20	185	13	198	3	211	20	213	12	214	20	216	16	224	13	228	11	229	16	230	5	231	20	238	18	240	5	243	17	246	20	247	20	256	10	-1
80	6	9	9	9	18	6	25	15	27	6	29	14	30	4	41	8	50	20	52	12	60	18	64	18	70	4	71	17	73	11	75	19	77	4	108	9	125	18	134	20	159	7	160	15	167	5	169	16	180	20	181	13	186	20	192	20	195	20	196	17	202	10	203	5	215	1	218	12	219	15	222	1	233	8	241	11	251	9	-1
81	5	12	9	8	18	14	19	12	20	11	25	15	27	19	31	19	35	8	43	8	48	18	49	4	57	8	67	5	68	13	69	8	71	3	77	9	79	17	82	4	83	8	86	13	93	5	97	8	100	4	102	5	105	1	107	9	109	19	115	18	133	9	139	6	147	5	151	12	153	1	154	17	155	6	159	14	160	20	162	18	165	2	167	12	173	20	176	10	177	3	197	6	201	5	202	4	206	8	211	13	215	9	219	16	220	3	224	20	226	15	227	7	232	8	234	20	236	19	238	14	243	10	250	3	255	17	-1
82	2	16	3	15	10	1	11	4	14	11	16	8	21	1	38	13	40	16	48	9	57	16	61	18	66	19	67	18	79	17	80	4	84	6	90	11	93	7	99	13	103	13	117	1	123	18	126	19	138	14	147	9	165	10	169	8	170	20	176	6	188	19	190	10	198	10	204	14	210	5	213	5	222	10	227	14	229	6	230	16	236	2	237	11	245	14	247	9	249	9	254	17	256	1	-1
83	1	9	3	2	20	15	31	6	42	18	61	3	64	20	68	15	70	13	80	14	87	20	88	7	89	14	99	12	102	5	106	19	109	4	111	15	117	14	119	8	124	2	125	3	133	19	136	13	142	7	147	20	153	2	169	1	176	13	179	15	190	1	194	16	204	2	206	16	215	1	224	5	228	2	230	3	240	13	243	9	256	10	-1
84	6	7	7	19	10	20	22	10	29	12	35	10	37	1	41	7	44	16	52	12	57	17	61	5	63	19	64	4	68	1	87	1	90	20	92	15	94	7	99	11	102	12	108	17	123	14	128	12	138	20	146	13	158	1	168	3	172	6	176	4	182	5	184	17	190	13	191	13	195	1	198	5	200	20	204	16	213	11	214	4	217	11	227	20	234	14	240	1	241	17	245	20	252	17	254	1	-1
85	19	2	50	17	52	11	53	7	59	20	61	3	64	2	67	8	72	3	77	6	86	8	87	6	91	10	95	10	96	9	97	5	99	10	105	15	109	18	120	10	123	9	126	18	131	10	133	5	139	10	140	17	142	12	144	16	151	3	166	12	173	7	176	3	187	14	195	13	199	9	200	9	202	3	203	15	205	4	215	15	219	20	222	20	224	20	233	13	237	12	238	17	246	9	247	12	-1
86	2	4	8	8	9	15	10	10	13	16	20	15	21	20	22	19	25	20	27	9	35	2	37	17	38	1	43	14	45	15	48	11	56	11	58	2	67	19	71	12	73	15	77	17	79	16	80	12	81	12	87	6	88	4	93	12	105	1	108	9	118	9	121	8	123	15	126	16	130	18	138	2	140	17	150	19	152	6	156	15	160	6	185	9	187	13	188	16	190	15	201	10	221	14	222	8	233	16	238	17	248	20	254	2	256	9	-1
87	3	4	9	5	13	4	21	2	29	7	34	4	42	18	46	9	48	15	56	6	61	17	65	20	70	15	77	19	84	4	86	17	92	15	96	7	99	2	106	17	131	6	132	2	145	18	149	13	151	5	152	19	156	2	169	2	174	9	175	20	176	17	185	20	193	11	196	18	197	18	198	1	199	20	200	17	206	19	214	10	217	2	219	11	221	11	223	10	224	20	225	14	230	4	231	11	239	11	242	3	244	13	-1
88	8	14	16	2	22	4	23	20	31	19	51	10	53	16	56	18	57	12	59	17	66	12	67	1	68	2	73	13	90	3	97	9	103	9	114	10	117	11	118	17	120	4	121	1	125	19	129	1	130	19	132	18	139	16	149	17	151	1	157	20	159	6	162	14	165	6	174	11	186	1	188	3	207	12	212	7	225	2	226	16	229	1	236	8	242	15	244	16	249	10	250	12	252	8	254	12	-1
89	3	11	7	11	13	19	14	11	17	19	20	5	27	10	31	9	35	18	36	3	47	11	69	8	70	8	75	14	79	13	82	9	84	1	88	11	91	15	95	4	100	12	116	6	119	9	122	12	124	10	127	19	131	15	132	8	147	1	150	6	151	18	161	5	164	8	165	13	166	10	175	2	183	18	187	9	198	20	203	17	219	20	224	8	226	6	233	4	236	16	237	18	243	4	246	7	-1
90	7	10	10	4	13	7	17	17	21	1	26	7	27	7	45	17	53	5	61	5	63	19	73	11	77	5	78	14	79	4	82	3	95	11	100	7	106	8	108	16	115	11	120	12	127	10	132	16	134	11	137	18	139	8	143	13	147	5	149	14	152	4	164	6	181	1	186	4	187	20	199	15	204	19	205	18	210	1	215	11	226	12	232	8	238	6	244	14	245	13	248	19	252	16	253	20	255	13	-1
91	8	2	16	16	18	17	20	17	22	8	25	7	26	12	27	7	32	2	34	18	36	18	43	1	44	3	48	2	55	15	57	2	59	18	60	8	65	11	74	13	75	7	80	9	82	17	84	18	89	20	110	8	112	18	113	10	115	4	117	9	124	17	128	20	131	9	138	16	140	20	148	16	151	19	157	6	166	19	176	7	184	15	188	7	189	1	195	8	211	14	213	15	217	3	218	13	224	20	230	9	236	11	241	10	256	11	-1
92	2	9	10	2	21	1	22	7	25	17	26	7	33	3	46	5	48	3	50	4	65	5	68	11	71	17	72	2	78	8	84	16	85	16	87	4	90	19	93	4	99	19	104	8	114	20	115	6	125	5	126	5	127	10	142	6	145	19	146	1	168	4	178	16	182	9	184	18	185	20	190	8	193	7	203	17	204	7	205	2	214	7	218	20	225	16	245	5	246	4	247	4	248	16	249	10	-1
93	12	1	13	6	19	4	20	11	28	3	31	13	34	12	35	12	36	3	45	8	51	10	54	7	69	7	77	12	79	19	86	15	92	8	97	18	106	1	108	4	111	5	117	17	120	5	121	4	124	3	127	5	129	17	135	9	141	16	143	19	145	2	147	2	148	9	149	14	153	4	154	20	160	7	161	10	176	20	180	7	181	20	182	4	189	17	192	2	197	6	206	1	210	10	211	6	217	18	228	1	230	16	232	10	235	9	242	18	252	8	-1
94	9	16	12	8	14	16	17	5	18	19	21	2	27	14	32	12	34	20	35	11	37	18	40	11	41	19	44	6	47	9	50	14	62	16	70	9	77	9	80	17	86	7	87	4	88	4	96	16	99	20	113	2	118	5	119	19	124	20	125	13	126	7	129	14	130	18	137	1	138	6	141	18	150	16	153	7	155	4	167	6	170	9	171	5	174	11	178	2	185	19	192	20	195	7	207	16	216	17	220	4	222	2	223	9	228	2	232	11	233	16	236	10	242	9	246	6	-1
95	4	12	20	5	24	12	29	14	33	14	40	4	41	15	43	19	51	9	53	20	58	19	63	5	71	4	76	16	77	4	79	1	83	7	92	17	96	3	103	16	110	10	114	13	122	16	123	16	125	5	126	11	149	20	154	8	158	16	160	1	162	8	163	11	164	20	169	20	172	20	177	14	179	16	188	13	190	18	196	13	198	9	202	1	207	4	209	5	217	3	221	3	223	3	232	6	233	16	236	14	242	12	245	11	252	16	253	16	-1
96	2	13	3	10	9	7	23	16	24	12	29	19	35	2	36	5	39	17	47	19	51	6	53	8	61	4	63	4	64	17	67	16	71	8	72	15	75	6	78	15	101	10	107	3	114	5	115	19	123	20	139	16	142	15	151	6	154	10	158	2	160	6	163	10	166	9	178	5	183	1	186	6	188	18	191	18	196	16	202	4	215	5	221	1	223	16	224	19	226	4	229	3	230	20	232	19	236	20	237	18	248	18	249	14	-1
97	8	4	10	12	15	17	16	15	18	17	26	15	30	8	33	9	38	19	41	12	43	8	48	12	49	15	52	14	53	9	56	4	63	7	64	5	69	18	77	4	79	19	82	10	96	14	115	1	120	13	121	2	122	14	123	14	124	18	125	14	126	6	132	18	134	13	139	5	143	5	151	6	156	7	158	20	162	10	168	17	170	14	179	17	181	4	182	2	194	14	196	7	202	13	204	2	205	12	209	1	212	15	216	20	221	17	225	20	229	1	237	16	238	8	245	14	247	9	250	10	252	12	-1
98	5	14	6	5	10	16	14	18	19	8	20	12	21	10	34	13	40	6	54	7	57	19	59	15	60	17	64	10	68	13	73	2	74	17	76	7	81	5	89	19	96	10	100	11	104	5	107	13	109	18	113	1	119	10	125	16	126	2	137	7	138	13	140	5	146	17	154	3	167	5	173	1	175	7	184	11	185	5	190	7	194	9	196	20	198	20	199	10	202	17	203	18	206	15	209	14	210	17	213	10	214	4	218	7	220	18	224	13	229	3	233	20	234	18	245	10	247	14	251	5	253	7	-1
99	11	12	12	11	15	9	25	10	30	8	42	1	46	7	47	12	48	3	49	2	51	10	53	2	57	1	62	7	68	11	75	4	77	10	82	15	83	18	91	7	92	14	95	3	97	9	102	14	109	6	111	12	112	15	114	17	116	2	120	17	122	7	129	17	134	19	135	3	137	13	149	15	151	1	159	1	161	15	162	13	167	3	168	11	169	5	186	8	189	12	193	7	198	2	199	3	207	2	208	17	217	2	225	15	237	4	242	1	244	2	245	2	246	1	249	10	250	5	254	13	-1
100	9	19	13	9	14	13	15	2	17	3	21	16	26	15	28	7	38	10	39	14	40	13	47	10	48	5	56	3	66	8	70	14	71	19	75	15	85	10	90	2	106	19	108	17	112	8	124	1	125	17	134	2	143	5	150	1	151	12	154	12	164	17	170	16	173	17	174	14	176	5	178	6	182	10	186	16	196	9	199	20	201	4	209	14	210	4	213	2	219	7	220	11	224	13	228	8	233	9	246	17	255	2	-1
101	8	13	10	12	14	13	21	7	23	10	26	16	28	15	31	2	43	1	48	8	56	19	57	12	58	14	67	13	91	15	93	9	100	5	106	7	107	8	108	5	111	3	114	9	121	20	128	4	133	12	140	10	149	16	150	18	159	20	160	17	165	16	166	6	171	4	172	14	173	15	177	8	178	1	181	14	182	20	186	10	192	6	198	20	200	3	202	15	203	12	210	19	217	8	218	6	220	13	222	12	233	6	234	3	243	2	246	16	255	13	256	11	-1
102	7	7	10	14	11	13	14	8	17	2	18	9	19	11	26	15	27	8	32	16	34	1	37	11	38	7	39	2	40	10	42	6	47	3	50	8	53	11	58	1	70	11	76	2	78	9	80	3	92	17	100	18	104	11	106	8	110	3	114	6	121	8	123	6	138	15	143	17	154	14	155	10	175	2	176	5	178	15	185	19	187	1	201	2	202	8	203	13	209	16	211	11	213	20	214	8	220	10	221	9	225	12	226	3	228	1	241	5	242	16	249	16	-1
103	1	8	3	3	5	9	10	12	14	5	19	11	20	11	22	12	28	16	30	16	38	18	39	8	47	10	51	4	54	17	64	2	68	15	73	3	82	5	85	16	91	9	93	1	98	19	99	18	104	13	132	4	136	1	139	18	152	10	157	10	161	15	164	5	166	10	176	8	182	10	183	17	187	8	194	15	197	16	208	17	215	2	216	6	220	3	232	3	240	10	243	2	246	4	247	9	250	19	-1
104	8	1	16	1	17	5	21	5	26	13	36	12	47	1	55	15	57	1	66	5	78	6	80	7	86	19	87	8	99	13	116	12	124	20	129	12	130	12	135	4	142	18	149	11	155	1	159	1	165	1	168	3	173	12	175	8	176	2	181	7	183	20	184	16	186	7	188	11	192	7	206	13	209	6	210	19	218	12	222	19	228	9	230	20	238	15	245	8	253	13	255	3	-1
105	12	4	15	16	17	16	20	12	27	6	34	19	43	15	51	7	52	11	57	20	61	16	66	4	78	5	80	13	85	11	94	18	95	4	98	4	101	10	108	16	112	11	115	1	123	17	126	1	130	20	142	10	153	6	169	8	172	8	173	18	174	10	183	13	196	10	204	8	211	3	212	1	231	2	235	7	246	20	250	10	255	5	-1
106	5	10	13	15	23	17	24	8	27	1	42	12	46	12	52	11	54	3	60	20	64	1	70	16	78	1	79	13	84	15	86	11	89	15	90	2	94	4	98	14	105	1	107	9	108	6	112	5	113	18	118	10	119	9	121	19	131	10	137	7	151	15	165	17	179	7	184	14	200	13	203	15	208	17	210	10	214	3	221	19	226	14	227	5	229	4	236	19	237	14	238	13	241	1	245	13	251	18	-1
107	5	15	10	16	13	8	19	14	21	3	37	15	42	20	48	17	50	12	59	12	61	16	64	20	65	6	67	20	77	2	80	9	93	2	103	17	112	7	114	1	117	5	122	16	124	2	130	15	133	4	135	16	145	20	149	4	152	12	159	13	179	11	200	16	202	20	210	11	220	16	229	4	230	11	235	8	241	5	242	5	247	11	248	20	251	14	252	8	254	9	256	16	-1
108	9	7	10	15	28	1	29	11	39	9	55	7	66	2	67	12	69	15	75	8	92	10	95	5	100	14	103	4	111	5	120	11	122	7	124	2	135	10	139	9	140	14	142	5	148	3	158	9	177	2	178	17	189	12	196	1	197	8	198	1	203	20	208	5	217	8	218	7	219	12	222	10	228	13	231	1	236	14	240	19	242	17	-1
109	2	16	4	4	6	17	9	16	14	13	21	11	26	6	54	1	58	2	59	19	60	16	62	14	68	10	72	3	75	17	79	1	80	15	85	20	88	18	91	16	98	7	104	3	113	4	114	14	115	5	116	14	117	12	118	13	122	15	123	10	134	13	140	3	144	6	146	2	162	14	170	5	173	16	176	5	178	13	183	20	186	14	188	20	199	3	209	18	213	9	220	18	221	4	230	19	236	4	241	17	-1
110	3	16	19	8	35	15	37	9	65	10	67	15	70	4	74	20	75	9	78	3	91	13	97	12	98	16	106	6	111	15	125	19	134	3	140	9	144	1	151	9	155	20	158	9	159	16	162	15	164	15	172	19	177	4	178	16	185	6	187	13	188	14	194	3	197	19	199	6	200	4	206	12	207	3	211	9	214	11	216	2	220	7	222	12	236	17	238	16	240	11	245	1	246	19	251	3	254	17	256	15	-1
111	8	18	10	2	18	1	28	6	35	18	38	17	39	15	44	10	55	18	60	20	62	4	70	16	74	3	118	18	133	18	139	10	145	14	162	19	167	16	171	15	175	7	178	6	179	9	185	15	186	2	187	12	202	17	216	8	221	18	224	4	225	8	227	1	228	1	231	5	255	5	-1
112	3	5	15	5	30	10	34	11	46	10	47	14	56	12	75	7	77	3	78	12	87	7	88	13	97	9	100	11	106	14	108	2	129	14	133	11	137	10	139	8	141	17	145	19	147	18	157	20	159	8	163	16	165	16	168	2	182	7	192	8	205	16	207	3	209	1	212	15	219	20	223	1	224	7	232	16	233	5	253	15	-1
113	9	20	15	11	17	11	29	12	30	12	31	9	39	9	43	4	45	19	49	12	51	20	54	10	56	3	61	5	68	2	80	11	83	17	85	3	89	3	91	14	92	3	106	17	108	13	112	11	128	16	129	5	135	11	140	7	143	6	150	12	153	7	162	11	169	20	172	7	179	10	206	11	208	13	218	13	222	2	227	3	228	16	234	4	242	14	245	17	254	11	-1
114	10	19	14	17	20	1	34	5	35	2	37	17	41	9	42	15	47	6	66	5	67	3	69	18	80	4	113	17	132	2	137	13	140	7	144	17	158	9	165	7	169	2	176	16	178	12	180	11	181	20	182	11	184	6	186	17	187	19	194	6	198	7	214	18	217	10	227	6	232	1	239	6	242	11	254	5	256	7	-1
115	5	9	7	12	12	19	24	12	35	20	40	15	43	9	44	10	46	9	49	6	53	5	63	3	76	20	82	20	83	4	85	1	100	14	106	1	113	9	123	18	132	2	135	18	155	13	160	11	164	4	168	10	176	6	183	2	186	18	189	17	201	12	204	1	205	7	208	7	210	18	215	12	225	14	227	3	228	3	234	20	236	12	246	6	251	3	255	9	256	18	-1
116	2	11	3	12	8	4	16	13	23	1	27	16	28	5	46	5	53	9	62	20	65	11	74	14	79	13	85	9	86	8	87	13	88	2	93	1	98	1	103	17	112	1	117	9	118	1	120	16	122	12	128	11	130	17	139	15	141	3	143	11	146	4	148	19	150	6	151	13	154	6	156	15	165	10	169	5	180	3	181	14	187	12	188	1	191	19	198	16	200	10	207	10	214	19	217	9	229	5	232	13	234	20	240	17	249	3	251	7	253	18	-1
117	2	19	8	7	9	20	26	20	27	18	31	15	33	18	35	9	49	17	50	2	53	10	56	18	57	3	69	14	79	6	86	2	92	3	96	14	101	1	107	14	118	13	123	8	133	15	134	13	136	2	141	3	142	15	146	17	156	6	157	17	167	17	172	16	178	13	183	5	186	17	189	5	195	6	198	6	205	3	211	9	213	10	223	6	224	7	225	10	226	18	227	7	236	11	237	11	245	10	246	9	247	10	248	12	251	8	255	15	-1
118	9	14	11	5	13	16	30	4	33	12	35	6	42	18	46	4	50	16	55	1	56	1	57	14	60	20	62	5	72	20	85	9	86	3	94	18	95	16	99	15	107	14	112	16	114	1	115	13	121	14	123	15	128	8	145	16	150	18	152	5	154	16	164	7	169	20	170	6	177	9	179	1	184	1	194	7	196	12	200	7	207	12	209	15	225	18	227	4	230	4	231	18	234	5	235	17	250	4	251	5	254	9	255	6	-1
119	2	19	6	8	15	1	19	17	33	5	35	9	36	5	37	8	42	14	43	4	48	6	53	10	56	13	67	2	69	17	74	9	75	2	76	6	77	1	84	12	102	9	103	19	109	19	110	4	111	9	112	10	116	20	133	11	136	8	146	2	160	13	171	17	172	20	178	2	187	1	189	18	195	18	204	16	222	2	229	13	234	4	241	5	247	19	255	10	-1
120	7	20	11	8	18	13	25	13	27	13	40	9	43	8	44	15	47	9	48	10	49	4	53	20	63	9	65	18	69	15	76	13	91	2	93	11	102	8	109	6	110	18	111	1	112	4	114	7	115	11	117	10	139	19	141	10	148	10	149	5	150	19	158	6	163	9	165	10	172	17	174	13	175	10	179	3	181	14	185	16	186	13	189	5	204	1	207	10	210	13	224	2	225	2	228	10	230	6	240	18	241	18	244	2	248	12	255	9	-1
121	11	17	25	20	27	20	34	20	41	19	42	12	51	4	60	20	65	2	73	5	75	9	79	6	81	14	82	9	83	12	88	11	105	9	107	15	109	7	110	20	112	5	115	14	126	8	134	3	138	2	144	20	149	16	154	14	157	9	167	2	176	15	181	10	184	6	198	3	201	7	202	9	204	4	205	2	208	5	211	4	213	1	220	14	224	14	239	14	242	2	256	11	-1
122	8	8	11	1	13	2	14	9	20	3	28	4	36	9	38	11	40	19	47	11	51	6	65	9	66	4	68	11	73	18	91	19	93	2	94	13	97	11	104	8	105	12	109	13	114	19	121	6	126	13	129	16	131	19	133	11	136	17	140	14	143	1	151	4	152	12	159	2	160	14	163	7	166	10	168	18	170	12	173	8	176	15	181	16	193	18	196	8	218	10	226	12	228	10	237	4	246	2	250	7	251	14	-1
123	1	18	3	11	7	14	18	19	20	19	26	16	36	4	37	18	38	11	40	14	49	2	53	12	55	8	63	1	64	16	65	6	69	1	70	7	73	1	76	10	78	18	81	15	83	12	85	12	89	8	94	6	96	7	97	8	106	8	112	9	116	16	118	6	130	20	133	5	134	6	135	7	142	13	151	9	174	3	175	11	176	6	178	6	197	12	199	13	208	15	218	6	219	17	220	5	221	14	225	7	226	4	227	3	232	8	245	9	250	5	-1
124	4	5	8	12	12	12	19	3	30	1	38	2	39	15	48	14	51	10	52	16	53	11	63	7	69	18	70	18	71	2	74	3	75	11	77	1	81	12	83	9	87	9	88	20	101	20	120	15	126	5	128	4	130	6	136	2	138	8	139	16	148	10	162	14	167	12	173	19	177	6	180	1	187	12	190	16	198	4	206	14	209	15	210	11	212	14	218	6	221	3	231	3	235	18	239	2	242	14	243	19	250	7	-1
125	2	4	6	1	9	7	12	8	13	11	21	13	29	4	38	7	39	14	58	4	59	16	61	4	71	11	72	5	77	9	86	7	91	19	93	6	99	6	100	16	111	14	114	14	115	12	127	20	137	6	148	5	149	12	150	17	152	9	153	16	157	13	163	1	176	15	177	3	179	11	180	9	188	20	194	1	200	4	201	11	204	9	221	8	231	20	232	11	237	8	241	20	246	1	249	3	250	8	-1
126	3	7	11	15	12	3	24	10	31	11	53	18	61	15	63	18	82	10	94	15	99	10	105	12	121	17	122	6	123	16	128	2	132	20	133	16	136	12	137	15	138	18	142	4	148	5	161	15	164	16	177	1	184	1	188	1	189	9	190	9	191	10	195	4	204	11	211	3	213	15	226	14	227	13	233	16	234	10	236	12	237	15	241	19	242	8	248	15	-1
127	21	18	23	11	27	6	38	12	40	18	46	12	47	12	48	4	49	19	54	5	62	11	64	8	73	17	83	11	84	2	85	1	86	3	87	10	101	1	115	18	119	9	123	11	125	4	128	16	135	9	145	13	149	10	153	16	154	7	156	17	159	6	162	4	165	17	175	6	184	16	187	6	200	12	206	18	213	7	217	20	233	19	235	7	-1
128	3	10	11	5	18	4	23	14	36	16	38	20	46	16	47	3	59	4	64	17	71	13	79	17	96	11	100	17	111	5	118	1	122	14	124	2	127	18	129	9	135	1	139	8	140	18	141	3	143	6	146	19	150	3	155	12	160	13	162	12	175	18	178	9	180	1	181	17	188	10	190	3	192	18	197	2	202	18	203	4	205	20	219	12	224	4	226	19	238	1	240	11	246	20	254	4	256	16	-1
129	4	9	7	9	9	11	22	13	23	16	26	5	31	7	35	10	37	10	42	13	55	1	57	20	59	6	61	17	65	19	69	12	71	11	72	7	88	19	89	19	91	5	95	1	100	10	101	19	105	14	107	10	110	11	113	7	120	14	121	14	126	19	130	17	131	13	133	18	141	17	142	6	145	5	151	15	156	20	158	9	165	12	166	3	171	8	176	17	178	4	180	15	188	19	189	2	190	5	191	7	195	16	198	1	210	3	212	2	218	15	220	17	225	5	233	13	234	2	246	7	247	15	256	13	-1
130	1	6	6	4	14	15	18	4	20	3	31	10	34	12	35	20	40	4	44	16	52	11	55	9	64	13	68	12	77	20	81	16	85	11	95	6	101	16	103	7	107	3	108	19	111	20	112	19	113	20	115	6	118	14	122	20	123	12	126	11	127	2	131	5	139	11	150	8	155	11	164	5	176	11	179	10	183	18	188	15	189	11	202	6	204	7	207	20	218	9	219	19	220	10	222	8	228	1	231	10	233	20	242	6	244	17	254	8	-1
131	2	6	3	3	6	15	9	11	10	9	19	20	20	3	21	1	24	20	26	3	37	20	41	16	43	7	48	8	64	11	65	8	73	19	74	15	97	12	100	4	101	4	102	18	111	10	115	19	117	4	118	7	125	18	147	20	151	10	152	20	153	1	154	4	161	2	169	7	171	18	172	5	173	11	176	15	181	2	186	9	195	1	197	5	205	5	214	1	215	3	224	17	228	13	233	19	246	15	248	15	251	16	-1
132	7	13	17	7	18	3	27	7	29	1	31	7	34	9	35	15	48	20	49	5	53	7	57	11	58	13	65	11	72	16	84	17	89	12	94	9	97	15	100	15	105	4	113	14	114	5	118	20	129	10	135	12	138	19	141	5	147	8	149	3	158	11	159	3	161	9	165	2	169	20	171	19	174	10	183	19	189	8	191	4	196	17	199	15	217	2	222	6	224	12	226	18	230	16	231	6	232	17	233	5	238	16	246	13	249	20	250	18	-1
133	8	16	11	13	14	11	25	16	41	14	51	15	71	13	74	12	75	19	77	1	78	2	82	7	83	8	92	15	97	11	99	1	103	7	106	20	108	19	113	7	114	16	115	15	123	17	128	9	132	18	136	1	138	19	141	15	153	7	157	8	162	18	172	5	173	6	174	18	177	18	198	4	199	4	200	4	203	14	211	19	212	5	214	9	217	3	223	14	224	4	228	16	229	3	232	8	234	19	237	4	246	5	248	1	250	18	253	20	256	14	-1
134	2	4	4	4	5	14	8	3	13	19	17	11	20	14	22	5	24	18	36	5	40	19	41	12	44	11	56	5	59	10	60	1	64	4	72	3	84	7	89	10	107	13	109	14	124	7	126	6	132	2	136	5	146	13	148	17	158	16	160	11	161	5	163	9	172	17	178	5	181	14	187	11	190	7	203	14	204	16	211	3	224	20	235	12	241	10	245	4	246	1	-1
135	7	17	18	11	22	17	26	6	31	5	33	14	35	17	38	7	41	9	42	9	45	4	54	17	64	13	66	7	68	15	78	10	79	3	92	17	96	10	98	6	103	16	109	8	110	19	125	11	129	10	130	8	132	3	136	12	137	15	143	10	149	14	158	8	160	20	162	3	164	8	191	19	198	9	201	7	206	1	209	17	211	1	213	9	230	8	231	15	233	3	236	11	250	11	256	14	-1
136	11	9	15	14	18	17	31	10	47	16	55	15	60	14	63	2	66	4	72	8	75	7	77	7	78	13	79	7	84	17	91	20	104	4	105	15	106	16	107	6	110	4	112	20	116	8	121	3	123	17	133	1	134	12	138	16	143	4	146	11	149	7	151	8	155	10	156	12	165	4	169	11	171	9	182	10	183	15	189	11	193	10	195	8	197	1	202	15	207	14	210	9	216	3	231	15	235	5	245	4	-1
137	1	16	5	5	8	2	10	11	13	3	14	5	15	3	16	10	17	3	22	11	24	18	29	14	34	7	35	3	39	8	45	4	47	10	49	10	63	13	66	2	73	19	75	10	93	9	94	11	99	7	105	16	108	3	113	4	114	20	115	19	117	11	134	3	135	7	145	2	153	19	154	8	158	20	166	14	180	5	182	17	187	5	191	19	196	12	202	5	206	10	213	13	214	9	215	15	218	3	220	6	227	2	231	18	235	1	238	16	252	1	-1
138	9	8	18	3	20	18	27	14	28	5	29	11	35	6	40	1	50	3	56	10	60	17	71	12	94	20	105	13	107	10	113	1	115	9	123	11	129	1	135	14	139	19	142	9	159	2	164	16	171	5	176	15	178	12	188	6	214	11	217	4	230	17	233	14	244	15	248	19	249	16	253	16	255	4	-1
139	1	17	3	14	7	12	12	6	14	18	16	13	19	19	22	11	26	13	30	10	31	5	39	8	40	13	48	15	53	14	54	3	70	3	72	6	75	2	76	19	83	2	86	17	92	5	93	15	95	17	96	5	103	2	106	10	107	2	108	12	112	12	113	16	126	3	128	2	135	6	141	2	146	20	157	10	158	14	162	13	164	20	165	13	171	7	172	14	182	3	183	2	184	1	185	3	187	2	196	9	202	20	212	20	216	10	217	6	228	12	238	9	240	3	244	13	248	16	250	12	256	4	-1
140	10	7	13	10	24	9	47	5	49	11	52	14	56	15	62	16	63	10	64	20	70	1	71	2	72	12	89	9	91	5	92	18	95	14	97	8	98	1	102	15	105	12	108	13	124	19	130	15	132	6	134	16	137	1	139	8	142	11	152	11	154	11	156	3	161	7	163	11	165	9	180	11	190	11	193	7	196	5	210	2	213	14	228	6	229	7	230	20	232	19	233	17	234	15	243	4	246	9	247	4	251	9	-1
141	2	13	3	15	8	7	9	17	23	19	30	2	34	7	35	2	37	17	46	10	48	8	50	14	53	3	63	17	66	2	76	13	77	11	78	13	81	2	86	6	93	6	100	5	101	13	105	19	108	17	124	19	130	8	134	6	143	20	147	16	150	8	159	2	164	11	165	18	166	20	167	3	172	11	173	14	192	10	194	4	213	9	216	1	219	14	220	16	222	14	226	13	227	8	234	11	239	10	240	15	249	14	253	12	-1
142	6	13	12	3	15	10	26	6	27	16	29	5	33	18	35	11	38	4	40	11	45	18	47	13	56	19	64	12	70	20	71	9	73	1	85	9	87	18	90	7	99	20	102	15	106	18	115	1	120	13	123	15	125	12	140	18	146	20	150	16	156	11	167	20	174	6	175	20	183	9	184	10	195	3	196	4	201	18	203	11	211	11	239	1	241	14	243	2	248	19	249	5	256	9	-1
143	6	12	8	8	12	18	25	16	26	10	28	8	29	15	32	1	33	19	36	2	38	16	55	3	62	1	67	5	69	4	80	11	81	13	85	3	87	3	97	10	102	3	107	17	108	18	110	20	116	8	117	17	118	19	122	4	132	14	137	9	138	10	142	20	155	19	156	1	167	9	168	18	174	17	177	18	178	20	182	5	188	7	205	17	210	2	215	1	216	10	217	1	221	1	222	15	240	15	248	14	256	5	-1
144	4	14	6	10	7	15	10	5	15	13	21	1	24	1	25	11	29	5	32	3	37	12	55	4	61	14	62	9	70	6	74	10	76	11	77	1	78	15	90	18	94	9	95	5	96	10	98	14	104	18	109	3	112	18	115	10	121	20	129	14	131	18	133	8	139	7	141	5	143	3	161	3	164	5	165	14	166	6	176	15	177	4	183	1	188	19	190	12	194	5	198	9	200	4	206	12	207	13	208	14	210	15	219	10	221	3	230	7	240	20	254	9	-1
145	7	16	11	16	25	5	29	15	34	14	35	18	42	2	45	9	49	11	58	6	70	18	80	6	82	1	86	8	95	1	101	8	106	11	111	7	119	18	121	10	131	17	135	5	138	17	147	12	149	16	161	12	165	1	169	3	170	13	176	14	179	16	198	1	199	5	204	10	206	18	212	3	213	8	214	17	216	4	219	1	221	4	224	9	227	13	230	14	242	8	243	12	244	2	252	10	256	2	-1
146	3	7	23	16	25	4	29	14	31	13	37	8	39	12	41	12	47	4	51	16	59	10	60	16	65	12	70	4	72	19	73	4	75	12	78	9	86	15	92	20	100	2	115	7	117	11	120	2	125	9	130	6	136	9	139	5	141	15	155	15	158	9	159	15	164	4	172	3	177	5	183	4	192	3	195	5	208	12	212	6	226	13	231	7	234	12	235	18	239	16	246	7	249	1	256	9	-1
147	2	11	5	4	6	10	12	9	19	7	20	11	30	19	32	8	38	5	41	5	46	8	54	10	56	1	63	20	64	7	67	11	68	8	75	16	81	20	82	2	85	4	86	20	95	4	99	19	101	7	103	9	106	7	110	11	117	6	119	1	120	1	123	4	132	15	140	19	141	14	150	17	155	2	156	8	162	13	163	14	179	3	184	3	188	6	189	5	190	7	197	9	199	6	210	14	216	6	218	12	226	10	228	13	231	9	248	20	249	3	-1
148	8	14	15	18	19	9	29	20	41	2	44	4	46	4	50	4	53	18	54	20	63	4	65	17	67	18	68	5	76	19	80	17	81	8	82	4	83	16	84	3	85	10	95	8	96	13	99	19	101	20	103	7	104	7	117	3	123	10	128	4	137	14	141	9	142	3	157	8	162	10	169	5	170	5	184	10	196	20	201	18	208	6	209	7	212	20	222	13	229	5	231	13	233	10	237	1	241	16	242	5	248	19	255	7	-1
149	2	7	4	6	5	13	12	2	27	15	34	20	39	10	55	13	57	7	58	7	60	18	64	13	66	17	67	12	80	8	93	20	95	11	98	19	99	11	101	9	111	7	114	10	117	19	120	19	122	9	127	18	140	14	142	5	145	1	156	2	157	19	158	10	164	6	174	11	181	12	183	10	194	2	202	17	211	9	212	5	214	9	217	8	221	9	233	15	238	3	241	11	-1
150	1	16	19	6	23	13	30	4	39	8	44	4	52	14	57	1	59	17	66	2	67	18	77	19	82	20	83	16	86	15	99	4	109	16	115	19	117	20	120	19	128	9	134	12	137	5	141	5	153	3	156	6	168	8	174	14	177	12	184	12	188	19	189	9	190	11	192	10	193	20	202	19	203	18	205	14	207	20	210	15	211	10	214	7	215	12	218	12	221	4	224	8	229	11	235	20	238	16	248	11	-1
151	7	7	8	16	13	9	19	16	25	8	37	4	45	20	48	16	49	17	54	13	56	8	58	2	77	16	78	17	81	10	96	1	100	11	104	20	109	3	110	17	112	11	113	6	114	18	116	15	118	15	121	15	122	5	129	20	130	4	131	9	133	11	136	18	138	4	143	11	153	4	158	16	159	12	161	4	169	12	176	6	178	1	179	7	185	3	189	19	197	8	202	8	205	10	206	10	210	1	219	20	238	11	244	14	245	5	247	2	256	15	-1
152	12	3	14	8	24	1	27	6	29	11	30	9	37	5	42	18	44	6	50	20	55	20	61	20	62	17	63	3	80	10	82	9	83	20	98	12	99	8	105	5	120	19	124	10	130	9	145	11	150	15	153	11	154	8	157	5	164	9	178	19	180	2	187	4	196	8	200	9	202	7	204	16	207	1	208	11	211	6	212	18	213	13	214	13	216	15	221	19	223	17	226	1	229	18	249	10	250	8	253	1	-1
153	2	8	10	14	17	10	25	14	28	11	32	6	35	6	45	17	51	8	59	1	62	11	69	12	82	2	83	15	84	13	87	18	100	9	112	13	123	8	127	2	128	7	135	2	137	5	144	19	145	14	147	1	148	13	154	13	155	20	156	15	167	14	168	10	175	1	184	4	187	17	191	11	194	16	200	11	208	2	209	5	210	20	214	2	216	8	217	4	219	13	221	19	223	5	224	18	226	6	228	7	241	15	242	15	249	18	253	20	254	10	256	18	-1
154	6	3	18	3	19	9	20	20	21	2	24	6	26	5	27	15	31	4	37	9	40	19	45	6	47	9	49	19	51	14	56	7	59	12	60	12	61	7	63	5	77	16	78	6	90	14	97	3	100	2	104	8	125	11	130	11	135	3	139	19	158	19	160	13	162	4	176	20	179	17	182	9	183	11	184	11	187	19	188	3	200	18	201	19	202	7	208	7	211	2	221	1	225	19	228	8	238	13	244	14	246	5	248	6	256	15	-1
155	4	1	21	20	27	10	35	17	36	7	40	7	44	12	46	11	54	15	55	2	56	17	68	11	69	12	74	13	83	17	84	13	85	12	86	2	88	14	93	18	96	12	103	9	108	1	110	5	112	6	120	15	121	12	125	6	129	1	132	14	140	2	143	15	144	5	146	17	151	10	153	2	158	14	160	6	165	10	167	16	178	12	179	15	186	18	188	3	189	11	192	11	196	9	210	14	248	10	250	9	255	15	256	13	-1
156	13	15	17	6	24	12	34	20	35	12	42	20	51	16	54	13	55	17	58	1	64	8	67	7	68	1	78	7	91	3	100	14	101	2	109	11	117	20	122	7	128	19	129	1	136	12	138	1	139	1	141	20	146	16	148	16	155	1	165	5	175	8	176	6	185	20	192	6	201	5	203	2	205	8	208	5	216	8	219	19	221	18	226	10	227	5	229	13	231	15	238	20	240	4	246	4	-1
157	2	9	6	5	14	1	20	2	25	9	31	16	34	3	37	1	39	14	40	8	45	12	47	18	49	17	51	17	54	2	59	8	66	8	72	15	75	3	79	10	84	17	91	7	102	6	108	12	115	8	118	17	127	2	132	14	139	7	144	6	145	18	147	15	153	18	155	5	161	20	164	1	168	9	172	6	173	15	175	12	184	5	185	10	218	2	234	14	235	14	236	1	237	11	239	16	241	19	248	11	252	5	-1
158	13	4	20	5	25	13	27	19	38	17	41	12	51	12	52	6	54	1	55	8	56	18	61	15	64	6	65	5	71	14	72	11	79	3	90	17	95	11	97	4	100	19	101	10	104	8	110	13	113	7	115	14	116	1	135	13	136	17	137	10	141	12	143	8	144	18	148	18	149	3	152	9	153	20	159	11	165	19	169	14	170	10	171	14	176	9	178	8	179	2	180	9	185	15	190	2	198	5	204	15	210	11	211	17	212	5	223	9	226	9	229	17	230	5	231	15	236	7	237	6	241	17	252	19	255	1	256	15	-1
159	3	11	6	12	12	14	24	7	25	15	32	19	36	12	37	12	39	2	44	12	45	9	52	6	62	18	66	5	76	16	78	7	85	20	86	6	87	19	94	11	98	11	115	13	117	13	125	16	128	2	132	13	138	1	142	5	144	12	152	11	157	4	158	20	167	2	173	5	176	2	180	1	182	11	189	8	192	9	200	15	211	13	219	13	231	19	247	11	249	4	250	7	251	6	254	18	255	12	-1
160	1	2	5	13	7	10	8	13	30	14	44	18	48	13	59	13	60	19	65	14	68	7	82	6	84	18	92	6	101	5	125	11	129	11	130	20	141	17	157	11	159	17	162	14	168	7	176	14	182	11	184	16	200	2	201	20	205	10	210	6	217	5	218	1	219	8	223	8	234	1	238	12	249	15	251	10	252	12	254	20	256	13	-1
161	5	1	16	8	24	6	28	13	34	8	40	3	42	11	47	1	62	3	65	8	78	2	87	3	91	8	98	2	105	13	106	15	107	17	108	18	114	11	115	18	116	3	123	4	128	16	145	8	147	7	148	12	151	19	159	17	166	8	168	20	189	17	192	7	195	18	205	17	208	6	212	20	219	7	232	4	233	8	236	10	237	13	248	8	253	12	256	9	-1
162	1	3	10	20	11	12	17	5	18	20	19	2	20	4	26	15	28	16	29	1	33	8	39	16	43	16	59	20	60	1	68	3	69	4	71	12	77	9	78	16	81	20	90	5	96	16	97	9	101	18	103	5	114	4	120	13	125	12	126	11	127	7	130	12	135	7	136	17	145	7	153	11	154	10	155	6	157	5	161	10	163	9	169	6	173	9	181	6	183	10	191	12	192	8	196	19	197	14	200	6	201	18	205	15	206	12	211	10	214	17	218	6	220	11	223	13	227	17	228	18	231	5	237	9	243	4	245	3	247	7	-1
163	5	12	8	11	14	16	17	19	22	17	31	3	39	8	60	7	63	1	68	1	73	15	79	14	82	19	84	1	96	20	97	5	106	18	110	16	132	6	141	5	144	7	146	2	150	19	155	12	159	8	160	20	168	2	173	5	175	6	176	10	181	16	185	12	197	18	200	9	203	19	204	7	207	12	209	3	212	10	223	11	225	6	227	16	229	15	230	2	233	8	235	8	236	20	237	14	238	11	240	15	245	9	256	8	-1
164	1	1	2	2	4	5	10	11	11	11	13	19	17	14	23	2	26	18	29	13	34	18	35	12	38	7	43	8	50	10	55	11	61	10	64	1	65	7	73	11	83	2	85	19	87	5	100	4	115	18	118	15	120	2	122	14	131	12	137	7	138	17	144	11	145	3	147	8	154	12	160	6	161	8	176	2	178	10	179	20	180	13	183	18	188	11	195	20	202	11	213	2	216	13	220	18	226	2	227	14	228	8	233	13	238	20	240	4	249	8	-1
165	4	11	6	13	8	5	19	20	20	10	22	13	23	11	25	9	40	2	48	20	49	15	50	14	53	18	56	9	73	2	79	20	80	10	84	17	86	20	88	17	89	2	98	20	99	18	101	18	105	3	108	19	121	15	123	14	130	17	131	16	136	9	148	5	149	17	150	1	155	3	161	18	162	9	168	20	169	7	170	13	185	4	191	5	219	12	222	19	225	15	226	16	230	15	233	17	236	15	253	13	255	18	-1
166	9	9	13	8	15	13	17	8	19	5	20	5	43	16	45	14	46	7	50	20	51	20	56	6	66	6	67	17	77	5	78	5	110	6	111	17	113	20	114	4	117	10	118	9	123	14	127	18	128	9	130	11	134	6	136	19	140	4	144	15	146	20	149	12	152	11	154	15	155	16	167	1	180	6	182	12	191	5	192	8	194	13	197	17	236	15	238	3	239	8	246	15	252	8	255	13	-1
167	6	12	13	20	15	2	19	19	21	7	22	19	27	10	29	2	31	8	36	12	38	13	41	1	44	14	46	4	47	5	51	14	53	16	60	16	68	8	76	4	77	8	83	2	102	18	103	5	110	6	111	18	117	4	118	7	122	8	124	16	128	20	131	11	135	1	136	16	137	17	138	3	139	3	143	2	144	9	150	2	152	13	153	10	158	8	159	17	162	2	168	7	176	20	179	8	182	12	183	20	186	19	191	4	192	17	193	6	194	7	196	13	199	13	201	5	203	17	206	3	212	18	217	19	223	20	227	10	228	18	232	7	236	17	238	12	244	9	-1
168	1	13	3	12	8	6	12	10	13	14	18	3	25	6	35	3	40	19	41	18	48	15	55	13	61	10	71	18	79	11	83	9	93	9	97	15	103	3	108	18	110	9	116	9	117	5	124	18	125	2	127	16	130	2	133	18	135	19	137	5	141	19	143	6	147	17	152	15	161	16	166	14	173	8	174	10	205	3	207	2	219	4	221	13	226	9	235	12	242	4	244	5	249	7	252	9	-1
169	7	9	12	9	25	1	35	16	37	1	38	2	39	12	45	13	46	14	52	15	56	10	75	19	76	9	80	15	87	20	88	18	114	3	116	16	118	6	120	18	125	17	131	13	138	1	143	16	147	7	155	9	156	5	157	9	173	14	186	20	190	11	195	19	200	20	202	18	204	17	205	9	212	5	213	12	218	13	220	3	221	12	244	11	245	4	251	18	252	7	-1
170	16	18	25	18	26	20	33	9	35	5	38	17	51	3	53	5	61	10	68	4	69	5	71	18	74	17	78	12	79	9	91	12	104	16	109	3	112	1	131	2	136	7	146	3	147	3	149	17	164	14	167	15	168	18	174	20	176	8	181	20	186	2	192	1	207	17	210	20	211	20	213	16	221	19	230	9	241	6	247	5	254	19	-1
171	3	7	7	18	8	1	12	9	14	14	21	20	23	8	33	7	41	14	42	8	43	7	53	18	56	20	57	16	67	17	73	15	74	12	111	6	116	8	118	5	126	13	128	1	144	3	147	10	149	8	152	20	154	20	155	10	156	3	163	6	168	16	170	5	173	4	175	4	180	8	186	8	194	16	198	5	214	2	236	11	237	9	242	5	252	3	253	7	254	20	-1
172	6	7	10	3	18	9	21	6	26	6	33	7	51	6	53	7	60	6	67	2	75	4	82	13	90	18	117	10	122	2	126	20	130	8	132	8	138	13	152	11	156	13	160	9	173	16	179	3	190	14	193	4	194	14	198	4	200	20	208	1	221	2	222	12	229	18	241	12	247	10	248	15	249	20	-1
173	3	6	5	1	10	6	12	12	24	2	25	17	37	1	40	1	41	7	51	17	59	6	62	16	66	17	67	10	68	20	71	4	74	8	75	9	87	14	88	19	91	19	97	2	100	7	105	5	109	13	111	6	113	14	116	2	121	3	122	6	129	1	134	12	138	2	153	7	158	18	162	17	171	2	175	14	181	6	205	5	212	15	213	19	217	13	226	7	229	7	230	17	234	11	240	4	242	16	243	9	250	1	255	9	256	16	-1
174	18	3	19	9	21	16	24	6	27	9	34	10	38	12	41	20	49	15	53	15	62	11	72	4	77	8	78	10	93	8	96	11	105	15	107	19	111	13	114	13	120	11	124	19	125	12	139	16	140	14	141	8	149	2	156	8	160	13	162	13	168	19	179	9	181	7	183	2	187	4	190	4	193	19	194	15	196	6	201	9	204	3	209	9	213	20	217	8	220	5	221	11	225	18	227	10	228	19	236	11	238	7	254	18	-1
175	3	4	5	7	7	9	9	15	10	8	34	13	38	20	46	18	51	20	52	8	59	1	60	17	64	9	68	19	69	4	72	5	74	4	78	16	79	1	80	14	82	2	83	18	88	16	90	19	91	9	93	13	94	5	96	5	102	5	114	12	116	20	120	11	127	13	131	12	133	9	136	2	137	4	143	19	145	13	146	18	151	12	152	5	153	12	154	14	155	16	162	6	167	9	169	6	172	8	173	12	178	8	180	3	181	15	182	17	194	13	195	20	212	9	213	12	231	4	235	16	238	20	240	11	241	19	244	5	247	1	249	5	252	11	255	18	-1
176	4	14	15	6	21	5	22	13	32	9	33	17	40	20	52	3	55	4	60	3	61	2	63	10	66	18	71	20	74	12	75	5	82	13	87	7	89	2	90	9	102	8	103	17	106	8	108	12	109	10	114	12	117	1	119	7	123	8	125	2	126	15	129	10	132	17	137	10	143	4	144	2	148	13	154	17	162	19	167	15	174	14	178	11	179	5	180	20	185	5	191	10	192	5	195	19	196	11	197	5	203	16	207	1	212	14	213	1	215	5	217	8	218	12	220	9	225	19	230	8	243	4	244	14	246	2	249	18	250	10	-1
177	1	19	16	9	17	10	19	8	21	14	33	6	36	1	41	17	43	4	48	10	50	10	69	20	80	16	89	20	96	17	101	1	104	18	113	1	115	1	116	10	117	9	120	2	129	3	144	18	153	18	161	10	167	17	175	13	182	13	192	5	196	6	201	11	205	5	210	12	214	16	224	13	229	18	231	15	232	1	233	1	234	16	239	1	241	1	245	6	249	10	-1
178	4	12	10	12	11	2	13	17	14	19	21	16	31	16	40	18	44	2	49	6	51	20	52	8	54	15	59	11	63	9	64	17	68	17	79	17	99	20	105	5	107	1	108	11	113	18	120	20	121	10	124	1	127	3	130	20	132	10	135	10	142	12	155	4	159	2	166	16	167	20	174	12	183	16	191	9	196	19	200	17	209	8	221	14	225	13	228	18	236	18	237	10	241	7	246	11	254	13	255	1	-1
179	4	19	9	15	16	16	19	3	24	7	37	5	38	6	53	4	58	7	59	2	64	7	76	20	79	11	82	19	85	9	91	17	97	10	107	14	117	14	119	9	120	16	125	16	127	12	133	4	142	18	143	12	168	7	169	3	176	12	177	8	194	18	197	9	202	10	204	12	205	3	208	5	216	1	217	3	223	3	224	4	234	19	236	15	237	15	238	13	242	1	245	19	248	18	-1
180	3	9	8	5	11	13	22	19	25	19	39	3	40	5	41	2	42	16	51	6	52	10	57	13	62	15	92	8	97	9	101	13	106	8	110	1	113	1	116	20	117	11	119	1	134	4	137	6	144	7	151	14	152	20	156	11	160	13	166	7	167	15	173	5	183	19	184	19	185	6	186	5	194	8	219	20	220	3	231	6	232	17	244	3	245	1	-1
181	10	19	12	18	15	1	16	3	20	1	21	12	25	2	28	18	30	4	32	14	34	3	36	13	54	16	56	11	58	4	59	16	63	1	64	18	68	1	70	5	73	15	81	19	86	4	93	1	99	4	111	6	112	11	114	5	119	6	125	1	130	5	139	14	140	8	141	12	146	9	150	9	152	18	162	9	165	8	168	16	182	18	185	11	190	16	201	14	202	5	210	13	212	11	215	15	218	18	219	19	228	7	234	17	235	11	237	4	243	14	245	18	246	4	252	7	-1
182	1	3	9	17	13	8	16	15	23	17	24	14	26	8	29	16	30	11	46	1	52	7	55	20	72	19	77	9	94	6	97	5	101	8	104	18	110	13	117	9	118	3	125	18	127	19	131	3	133	20	141	16	144	20	146	17	150	7	152	4	165	3	166	9	187	19	188	3	195	17	196	17	199	16	209	9	210	6	211	11	214	16	225	5	226	10	228	6	229	15	230	19	232	12	235	3	239	15	-1
183	7	11	8	1	11	9	13	17	17	6	18	4	28	17	30	8	32	20	33	4	36	12	39	1	53	19	55	18	71	5	75	14	76	2	78	12	84	19	85	11	94	11	100	3	108	9	109	12	112	2	118	5	119	11	127	7	129	4	138	17	153	19	154	18	167	7	170	1	171	11	175	11	177	2	180	16	186	17	193	15	194	3	196	13	197	19	198	4	202	15	210	11	214	2	215	3	224	19	238	8	241	19	245	2	-1
184	3	14	12	6	15	3	24	18	28	9	29	18	33	17	46	4	56	8	60	8	61	17	68	13	92	10	97	13	99	9	100	5	109	12	115	15	116	16	129	10	130	14	133	16	139	14	153	19	163	5	174	9	186	1	191	15	207	11	211	7	216	10	217	4	221	3	225	6	227	4	230	10	231	1	232	8	239	6	240	5	241	6	246	19	247	9	250	20	256	5	-1
185	3	7	5	8	6	13	9	8	11	8	12	13	15	13	16	11	19	13	28	4	39	14	46	17	48	20	61	6	62	10	63	18	64	5	68	10	72	16	78	8	79	1	83	18	88	20	89	14	101	8	105	6	106	8	110	16	118	8	126	10	133	9	138	7	139	20	140	11	141	2	142	12	143	12	144	3	148	6	150	20	153	4	157	1	158	10	160	2	167	6	170	8	173	19	176	2	183	3	194	11	205	15	208	17	210	9	213	6	215	16	223	2	233	15	237	6	238	5	239	7	244	7	-1
186	5	11	10	20	19	10	20	12	21	11	25	11	27	6	28	15	34	4	35	11	49	3	53	10	69	8	74	16	75	15	80	8	89	6	91	1	92	6	93	1	98	20	102	15	104	2	106	7	111	5	122	8	132	15	136	2	138	18	139	7	159	10	164	11	165	11	167	16	168	15	200	10	204	5	206	2	220	19	224	6	235	11	244	19	246	11	249	11	-1
187	1	18	3	17	16	19	20	16	23	8	35	6	39	11	40	10	42	19	48	5	53	19	59	5	68	9	78	19	79	5	81	7	86	5	94	18	95	12	100	18	125	2	132	14	134	3	139	5	147	3	150	5	151	8	153	17	155	10	160	15	172	9	174	11	185	9	191	1	202	10	212	5	216	13	217	2	219	2	221	19	237	15	238	11	241	18	244	11	247	17	250	19	256	8	-1
188	3	3	4	7	7	11	11	18	20	1	46	16	47	9	49	15	51	14	62	3	77	11	91	2	93	1	98	11	99	17	103	2	112	12	114	4	117	7	139	10	142	19	146	20	147	16	161	5	162	2	165	13	167	12	168	7	174	1	175	18	179	17	183	16	187	17	194	8	204	8	206	16	211	17	212	11	218	1	223	15	232	10	238	5	240	2	241	6	243	19	252	5	253	4	-1
189	2	13	5	5	9	3	13	14	14	12	19	9	33	6	38	2	42	10	45	9	49	12	51	19	57	20	68	15	76	9	78	7	87	1	88	1	91	13	93	19	94	11	102	1	103	10	107	3	108	10	130	16	133	11	134	16	136	9	140	5	146	17	151	18	152	9	159	15	177	14	183	12	185	20	190	1	192	1	197	16	200	3	205	4	206	19	214	5	216	5	219	7	232	14	238	20	244	14	246	12	250	9	-1
190	7	11	8	20	9	5	23	18	27	5	30	2	32	4	42	7	48	9	49	14	53	3	57	6	58	11	60	5	71	20	72	12	73	8	77	13	80	2	81	4	83	4	85	2	88	18	98	10	101	7	105	19	108	6	112	12	130	12	133	6	139	15	141	16	144	2	146	6	149	13	153	18	156	15	157	10	167	17	169	1	172	17	173	16	174	5	187	15	194	15	195	2	198	1	206	1	210	16	212	6	214	13	219	2	227	6	229	16	232	3	234	10	235	14	242	7	246	5	252	17	-1
191	7	7	8	9	11	11	25	4	28	20	29	10	34	3	35	12	39	18	41	19	42	7	44	15	50	12	55	8	59	5	64	16	78	4	86	17	89	2	91	17	96	14	101	19	102	11	106	19	112	14	117	18	128	6	142	13	143	2	152	9	155	20	170	1	176	17	178	8	186	5	188	13	200	6	214	15	223	20	231	1	232	9	233	16	240	9	251	14	-1
192	2	10	4	5	5	12	6	3	13	11	16	7	34	1	41	13	46	15	49	15	50	9	51	20	68	19	72	3	74	5	76	14	87	18	93	5	95	13	101	18	110	15	119	6	125	7	129	3	130	12	131	7	133	6	138	18	143	18	144	1	159	9	160	11	163	17	172	13	173	8	174	1	179	18	188	5	189	7	194	9	197	14	198	18	200	16	206	1	207	4	212	15	217	2	223	5	227	6	230	16	233	18	235	1	242	19	245	6	247	10	248	16	-1
193	1	12	2	6	3	4	7	16	9	15	13	17	15	10	17	13	20	4	37	20	46	3	52	1	57	16	59	18	81	10	85	19	86	12	91	15	104	9	105	5	106	10	114	1	117	1	121	14	123	20	134	16	142	2	147	8	150	9	155	17	159	12	167	15	168	1	170	13	173	17	175	7	176	9	181	14	182	12	189	16	194	16	198	20	203	15	208	4	215	17	221	8	222	17	233	19	236	9	243	19	-1
194	4	3	12	7	14	10	33	12	43	3	51	10	55	18	59	3	61	2	68	17	85	19	89	17	93	13	94	6	99	20	104	4	109	16	111	11	113	7	117	1	126	14	127	2	130	9	133	5	134	13	140	2	156	14	159	3	168	1	174	14	178	14	179	15	181	1	183	1	184	18	188	18	190	19	204	20	205	9	216	15	222	18	225	13	227	1	230	7	231	4	232	9	241	15	244	2	249	12	251	4	-1
195	4	12	8	4	11	9	12	2	13	20	14	1	15	5	16	17	21	4	22	10	25	3	28	8	29	9	30	12	45	20	47	10	48	11	49	17	57	7	60	1	72	19	75	11	76	7	85	7	89	20	91	2	93	10	94	12	97	17	107	15	109	1	120	12	124	9	132	5	136	17	137	7	145	15	149	13	156	15	170	3	179	14	188	7	191	14	192	16	193	1	200	1	209	12	210	10	213	5	221	10	222	4	223	12	236	5	238	7	243	18	251	8	253	18	-1
196	1	8	18	8	23	4	25	10	28	18	47	1	56	7	58	15	61	11	62	16	64	2	65	9	68	8	73	4	75	20	78	11	79	11	86	9	89	9	92	11	93	6	94	15	97	3	105	17	108	13	110	5	112	13	114	14	117	18	122	19	127	5	137	15	138	9	142	17	146	4	147	11	153	11	155	10	156	17	165	15	177	15	184	5	191	12	194	9	197	8	202	9	203	18	209	5	212	11	230	4	233	4	246	8	255	3	-1
197	11	12	23	7	25	2	31	10	35	3	36	14	45	10	48	10	51	16	56	13	58	9	63	7	69	19	76	9	85	3	90	20	108	1	117	13	120	14	121	19	123	16	134	5	137	5	138	19	141	1	142	16	146	1	153	13	154	9	158	10	160	6	162	15	168	16	169	16	171	14	180	6	181	14	186	18	194	18	195	20	196	17	199	10	206	1	207	18	211	13	219	4	221	14	226	2	229	12	234	10	236	15	239	6	248	17	-1
198	4	14	5	7	8	3	21	16	22	7	23	20	28	8	36	12	42	14	48	5	50	2	53	10	63	13	66	14	67	7	68	2	82	10	89	20	98	10	102	15	107	18	109	6	114	7	119	9	125	20	130	19	132	8	136	3	137	1	148	19	157	10	159	20	162	20	170	11	183	12	184	3	185	11	192	8	200	18	201	20	208	16	209	2	214	16	219	12	222	4	225	7	229	19	231	1	233	14	240	10	246	11	252	20	-1
199	6	20	7	15	17	12	25	3	33	15	36	6	44	18	46	6	78	15	86	10	87	9	91	5	94	9	98	15	101	11	106	19	116	7	122	5	126	9	127	11	129	7	131	6	133	4	139	11	140	16	151	11	154	6	157	12	165	9	166	19	167	19	171	7	183	13	197	7	198	3	203	12	221	1	235	5	236	18	237	9	243	8	246	20	253	14	-1
200	2	7	6	19	9	7	13	12	16	6	17	11	22	15	38	8	39	4	43	17	50	10	71	16	73	9	74	4	84	12	87	12	97	6	105	11	114	8	120	7	127	10	135	14	138	17	140	16	148	14	151	15	161	9	163	20	166	1	171	7	177	3	178	2	182	17	188	13	189	18	191	3	196	7	197	2	203	5	206	16	212	7	213	13	218	17	227	4	236	18	242	5	254	18	-1
201	4	14	9	9	20	9	33	3	37	16	40	12	46	6	47	3	48	8	64	10	67	12	69	17	70	5	75	14	78	2	87	12	91	12	93	15	97	7	101	5	105	11	106	10	111	11	113	8	123	12	125	14	136	20	138	5	141	11	143	19	155	14	158	17	164	7	174	14	176	3	179	17	182	15	185	7	190	19	207	17	211	15	213	1	223	10	227	13	230	20	235	17	241	9	249	15	252	17	-1
202	1	16	28	2	34	15	37	17	39	20	58	6	62	2	64	18	66	9	80	12	86	7	88	8	90	17	91	15	94	8	95	19	97	6	99	3	106	4	107	12	108	7	110	1	116	3	119	3	124	18	128	2	134	5	135	12	136	1	138	19	153	7	166	17	169	3	174	13	186	5	191	8	205	6	208	9	211	8	214	18	218	3	222	14	239	9	245	14	246	3	247	8	253	8	-1
203	3	6	13	17	28	4	33	1	43	6	45	16	48	3	53	8	56	3	57	3	60	10	71	7	72	14	77	19	78	17	85	8	94	7	98	9	102	8	118	10	119	15	120	20	126	12	128	19	136	18	139	13	140	17	142	17	147	12	151	2	155	4	156	8	159	12	165	2	168	15	172	14	180	1	184	1	193	16	204	20	212	2	217	4	220	20	221	7	228	18	230	4	232	5	233	10	243	1	245	4	250	9	252	6	255	10	-1
204	4	7	5	16	11	17	13	12	16	14	17	12	24	5	35	5	40	8	43	7	48	18	51	14	52	4	59	14	60	4	63	4	64	5	66	11	68	1	74	5	75	7	80	11	83	3	87	20	89	3	93	4	95	3	100	7	117	20	120	10	124	8	128	13	132	18	145	7	147	2	156	6	157	7	159	17	160	16	162	2	164	7	165	1	166	14	172	15	175	4	187	9	196	9	201	16	202	15	207	6	209	6	210	9	218	11	219	14	231	14	235	4	237	16	238	1	247	5	248	3	249	18	256	8	-1
205	8	2	20	4	23	2	26	8	45	5	47	20	49	13	52	8	58	20	64	2	74	18	86	4	99	17	101	1	112	6	113	14	121	13	128	6	131	17	133	9	138	19	146	8	152	9	153	6	154	16	166	14	168	20	169	15	170	19	192	11	193	8	195	11	199	12	202	17	204	8	215	5	219	3	225	9	229	12	232	20	233	9	236	1	245	19	246	4	253	8	256	7	-1
206	19	9	23	20	30	6	37	20	45	4	48	9	49	2	51	8	52	14	53	12	55	8	63	14	64	16	68	3	70	12	75	2	84	13	87	4	89	11	101	18	104	1	108	10	112	8	115	19	120	15	128	14	130	20	133	16	145	15	149	1	155	16	158	14	161	15	175	18	177	5	184	4	185	8	186	13	196	14	199	20	201	12	202	9	207	6	213	20	225	15	234	11	236	7	-1
207	11	3	18	1	20	16	21	16	26	8	31	15	39	20	40	10	43	13	48	2	50	15	51	1	59	13	61	7	67	20	68	7	72	10	81	13	85	16	104	5	105	10	108	14	110	9	124	12	128	14	132	18	134	12	135	4	136	19	137	10	139	14	151	17	152	2	160	1	163	6	166	4	175	18	177	12	180	13	182	18	183	2	185	12	193	19	198	10	206	11	216	19	218	19	219	3	226	2	227	1	236	17	246	4	250	2	-1
208	1	12	2	8	6	15	19	17	21	1	26	1	27	12	31	13	34	8	38	18	39	17	40	14	44	20	50	15	52	5	54	9	55	1	56	1	58	16	64	13	65	11	67	9	68	11	70	2	84	3	88	10	91	16	97	10	102	10	117	10	124	9	130	17	140	14	154	15	162	17	164	20	172	16	191	4	203	15	204	16	205	20	207	20	215	1	216	4	223	1	237	1	238	15	245	19	-1
209	8	7	9	16	12	2	14	14	24	7	30	5	31	10	34	15	39	7	45	13	50	14	58	8	60	3	61	19	62	8	63	17	67	3	71	14	76	12	100	14	104	7	111	6	113	14	116	18	122	13	128	15	129	20	132	13	136	10	139	19	141	10	142	5	149	19	155	14	158	6	159	4	162	9	164	20	166	4	167	2	168	18	174	20	177	19	184	15	189	3	200	13	205	18	207	4	213	20	229	3	231	2	233	7	236	5	238	18	252	19	255	11	-1
210	2	6	5	6	9	1	16	9	17	4	19	7	22	15	28	7	31	13	36	14	39	3	47	17	51	16	66	13	71	12	72	10	75	2	82	20	91	6	103	12	104	17	105	14	112	15	127	11	138	3	139	2	146	3	155	16	156	16	158	1	161	19	165	11	175	7	183	18	184	5	185	8	187	17	189	7	190	17	194	18	199	14	202	1	211	5	219	15	231	13	244	12	251	12	252	19	253	12	256	1	-1
211	5	2	8	18	16	15	20	2	22	14	28	20	32	8	36	16	38	4	54	6	57	17	63	2	67	7	74	1	98	18	101	13	108	16	109	19	122	2	123	4	124	10	126	2	131	14	138	9	139	9	143	11	144	11	145	4	156	16	159	10	160	15	161	2	163	8	173	17	176	9	208	12	209	13	221	12	226	9	231	3	240	7	-1
212	2	1	3	15	5	2	7	1	8	15	10	6	12	10	20	16	28	4	37	8	39	17	42	10	49	7	52	18	55	4	60	7	62	13	69	17	70	8	73	9	74	1	77	20	78	4	80	2	84	4	102	13	106	8	108	6	109	11	116	17	123	1	130	18	139	20	140	6	141	5	142	4	154	19	160	7	163	11	164	13	176	1	185	10	192	2	197	10	199	15	203	20	211	14	221	13	225	17	232	19	238	10	242	6	-1
213	9	17	16	15	19	6	31	20	32	7	43	4	47	10	52	3	74	15	77	2	87	1	90	13	97	14	111	1	116	19	117	7	123	6	132	5	133	20	135	20	141	9	144	18	150	1	156	5	158	16	159	4	162	4	168	4	171	17	172	3	175	17	176	4	177	2	179	15	181	19	182	9	183	16	185	1	187	14	190	18	193	2	200	18	217	18	218	20	219	16	231	11	238	16	251	1	255	19	-1
214	1	1	5	3	7	14	20	5	34	13	44	6	47	16	50	18	56	20	61	4	64	5	79	4	89	13	102	14	113	6	114	13	119	13	120	7	125	18	128	13	132	12	138	19	139	16	142	7	143	12	147	18	153	5	157	12	175	4	177	2	179	13	184	15	190	6	192	19	193	9	195	11	198	2	199	3	201	5	205	4	210	19	212	4	222	18	225	11	227	16	230	7	231	8	233	13	235	8	239	9	251	16	254	4	-1
215	8	20	9	15	12	9	28	19	47	1	55	8	63	11	68	8	69	1	74	18	75	11	91	13	92	6	104	4	107	4	111	18	123	9	131	1	135	13	140	12	143	10	151	15	153	6	154	11	166	7	171	16	173	5	174	17	179	6	189	10	191	16	196	1	198	18	202	13	207	17	211	2	214	18	220	7	223	12	224	6	225	7	228	10	229	15	230	11	236	11	243	13	249	17	252	8	-1
216	8	8	14	11	21	4	38	20	39	9	41	19	42	10	46	18	47	18	48	5	49	20	55	3	56	9	57	14	75	5	79	8	82	15	89	5	91	17	97	7	101	7	103	19	104	3	111	6	112	16	113	15	118	19	120	5	122	16	128	20	133	15	144	7	146	3	151	17	152	8	156	2	167	20	169	6	170	4	171	1	180	17	181	3	188	2	207	3	209	5	210	18	219	5	225	14	229	18	237	10	242	18	244	10	253	9	254	14	-1
217	2	6	22	13	23	4	27	2	29	19	34	10	37	20	40	13	41	17	46	10	50	4	60	6	62	17	63	11	66	3	69	12	80	3	85	3	94	3	101	7	102	18	103	19	114	4	117	17	120	7	128	15	138	19	146	19	154	17	165	9	179	14	180	6	183	2	184	3	188	4	190	5	192	8	193	6	208	19	220	12	224	13	227	11	232	5	236	13	252	4	-1
218	3	20	23	14	26	11	29	9	33	8	42	14	48	9	54	15	55	1	63	11	70	6	72	11	74	17	95	1	99	15	101	16	114	4	132	17	138	1	142	13	149	2	152	10	161	9	162	6	164	4	165	20	177	9	181	8	192	10	199	18	204	12	205	2	210	18	212	8	221	3	235	19	241	5	242	16	245	15	-1
219	2	3	3	11	24	20	35	2	36	20	47	3	54	9	55	12	57	12	67	14	74	1	78	16	80	19	92	12	98	13	112	1	125	11	135	8	137	8	141	1	148	11	153	11	171	12	180	6	191	11	196	8	209	11	222	16	228	7	238	13	246	10	250	14	252	10	253	2	-1
220	1	6	3	16	10	8	19	16	20	2	29	8	33	7	40	9	43	7	61	2	64	1	73	4	74	1	82	16	85	5	86	5	88	7	91	2	100	8	106	9	107	4	127	16	130	11	168	11	172	10	174	6	175	18	178	4	180	20	183	17	185	11	211	5	218	9	223	15	226	20	230	4	235	14	236	14	246	17	249	4	-1
221	8	1	25	14	27	19	32	2	38	6	46	10	48	9	50	2	55	4	56	1	59	18	75	1	78	19	84	15	93	19	99	19	102	18	104	8	112	4	114	19	116	20	118	14	119	18	124	12	131	4	136	7	137	14	142	7	144	4	147	19	148	5	152	12	159	17	162	4	173	18	184	16	186	4	207	18	223	15	226	16	235	1	243	12	251	15	-1
222	2	8	4	13	6	7	9	1	10	4	12	2	16	7	17	5	18	8	19	3	22	11	25	18	37	14	41	20	43	7	52	12	58	11	59	11	60	16	61	17	70	11	72	9	73	15	103	6	108	15	117	3	118	7	119	20	122	17	132	20	156	19	160	1	167	2	168	2	174	13	177	11	179	18	181	14	192	12	197	4	198	14	205	7	207	20	213	15	214	20	217	13	225	10	226	2	227	19	229	18	230	5	236	5	237	13	247	13	249	14	255	5	-1
223	7	9	8	17	20	19	32	8	45	20	46	9	54	1	66	13	71	7	73	7	77	18	82	6	98	17	110	9	117	3	127	12	130	12	135	19	137	19	148	8	158	2	161	5	163	5	166	20	176	3	177	18	178	11	189	4	191	7	195	19	201	15	203	7	213	2	218	11	221	17	232	7	240	11	244	11	245	2	250	13	255	17	-1
224	9	10	14	1	16	8	19	7	21	15	35	11	41	6	42	9	43	8	47	14	51	6	52	13	62	17	67	17	76	2	77	16	78	14	79	8	83	19	84	14	85	20	87	9	94	14	95	2	96	12	106	11	114	8	115	9	123	17	127	4	145	15	149	9	162	16	166	8	170	14	201	5	204	4	213	20	215	8	227	11	235	10	239	10	241	19	242	1	250	20	253	9	254	7	-1
225	8	13	14	12	20	20	21	6	22	1	29	12	34	1	38	7	41	7	43	18	53	3	57	3	59	4	64	15	65	5	70	9	76	17	79	12	80	14	89	5	94	19	96	2	107	1	109	6	114	10	129	12	132	19	137	2	138	19	145	17	149	16	156	13	163	11	169	20	170	13	172	1	173	14	175	20	187	19	188	10	197	3	201	5	204	7	208	10	210	9	212	2	218	7	224	8	238	7	240	8	242	10	245	6	255	16	-1
226	10	9	25	9	26	3	30	14	31	17	35	11	42	6	45	4	47	18	57	7	59	2	60	2	72	12	77	17	81	17	88	4	90	11	91	8	92	13	94	6	97	16	98	18	106	11	108	11	116	19	122	20	124	9	126	1	137	11	159	8	169	13	170	19	171	18	175	7	176	19	177	9	185	14	186	16	190	3	199	9	201	8	203	2	212	6	216	2	238	18	240	20	245	8	246	9	-1
227	3	1	6	12	7	1	9	20	35	6	39	3	40	11	47	6	49	10	51	9	55	5	62	4	68	16	70	9	87	3	88	2	92	18	93	14	95	14	98	16	104	20	106	9	107	19	109	1	115	20	128	3	130	11	135	14	143	11	151	17	155	2	157	19	173	13	175	17	179	11	180	2	197	18	204	12	205	12	206	13	211	2	213	11	219	18	221	15	225	1	228	12	248	4	251	14	253	14	-1
228	10	9	12	7	16	4	17	18	18	10	23	13	28	18	29	7	33	5	35	11	36	8	37	4	38	15	39	4	41	9	45	6	47	1	54	11	57	15	59	8	60	4	62	7	64	7	71	10	72	10	73	16	74	2	76	6	79	2	84	16	86	19	90	18	91	6	93	9	111	5	112	2	113	9	131	15	134	20	145	15	146	7	147	11	165	10	169	14	171	20	172	10	173	11	186	10	204	8	205	5	209	6	214	20	219	1	222	5	233	14	240	16	246	16	247	11	256	2	-1
229	1	19	5	1	11	8	18	4	27	16	32	2	33	18	40	6	42	8	58	9	64	12	73	9	80	10	91	5	93	2	98	12	110	6	114	12	116	14	118	16	143	2	144	6	149	5	152	17	153	16	158	17	159	17	165	3	184	4	185	19	192	15	196	16	197	20	199	19	207	3	208	17	212	18	220	16	231	11	233	12	236	16	241	14	243	17	244	19	252	16	-1
230	10	17	11	8	12	2	25	1	26	12	37	18	40	4	47	17	53	15	55	2	58	8	65	9	72	18	73	5	75	20	77	6	82	10	102	4	106	5	113	6	114	17	115	10	120	14	123	19	132	1	146	1	150	17	153	15	156	11	163	10	170	7	172	14	177	4	184	12	185	14	187	7	191	4	198	13	203	11	207	8	208	2	209	6	210	1	215	18	221	8	228	8	229	11	231	20	233	10	237	14	245	7	254	9	-1
231	10	19	14	5	17	7	19	12	21	13	24	10	26	15	31	4	36	16	47	1	52	6	53	4	55	13	56	5	64	20	70	4	72	20	73	7	75	12	78	18	84	9	90	12	91	20	93	3	96	4	102	15	109	5	110	7	114	12	116	20	122	5	129	10	131	15	136	18	137	7	139	4	149	18	150	5	157	8	158	10	163	7	173	11	174	8	175	5	179	4	181	3	185	1	186	5	189	17	190	11	191	20	193	10	195	9	196	8	199	6	205	4	207	6	217	2	219	4	234	8	243	17	244	14	254	13	256	9	-1
232	12	15	28	11	39	20	43	4	48	19	52	18	69	17	72	19	74	9	75	14	86	8	87	4	88	2	91	18	101	8	105	15	113	20	117	6	130	5	133	18	136	9	137	2	138	11	141	15	142	10	165	6	169	2	171	16	193	14	202	19	203	19	209	11	212	4	215	6	217	6	220	11	225	18	226	15	231	2	236	14	248	17	254	8	-1
233	2	20	5	1	15	18	17	20	18	3	20	16	26	17	28	7	34	15	37	9	39	3	41	6	42	20	47	12	49	8	62	5	86	4	88	20	92	7	95	19	107	17	111	7	112	1	114	18	117	10	118	8	119	20	123	19	127	1	128	14	130	1	132	19	134	16	137	14	138	20	141	5	142	1	143	13	145	2	148	14	181	9	188	8	193	1	196	15	210	16	213	1	215	16	223	19	238	3	239	8	241	16	247	18	248	20	250	9	252	3	253	6	254	5	256	12	-1
234	3	9	4	12	10	9	12	6	14	15	15	3	25	9	31	2	37	17	38	13	39	18	54	4	55	9	67	10	70	9	74	9	78	1	90	8	94	15	96	3	109	9	126	18	127	14	130	3	132	3	136	16	138	13	147	7	151	19	152	9	155	1	158	12	159	12	162	12	165	20	178	12	179	15	184	20	191	5	194	18	201	20	204	17	218	3	226	8	246	20	251	15	-1
235	3	3	5	17	12	12	16	16	20	20	25	9	26	12	30	12	34	15	35	2	37	18	39	6	42	20	44	5	60	18	67	10	69	1	70	14	73	13	75	11	79	2	93	16	94	1	98	9	99	13	101	7	110	11	112	5	115	20	118	13	121	6	128	19	130	18	140	3	143	11	147	1	152	6	157	7	161	2	174	15	180	1	182	9	185	2	187	15	191	16	192	10	194	19	195	1	200	12	202	12	204	20	206	3	208	7	213	20	217	1	219	11	232	5	236	4	237	15	238	15	245	12	246	14	248	8	-1
236	3	7	4	17	5	5	8	18	16	7	19	13	22	9	23	19	25	11	26	2	28	19	41	5	43	9	46	1	48	14	49	13	52	9	53	9	62	11	64	8	69	20	71	2	82	20	90	10	97	13	108	10	112	10	113	11	118	8	119	14	126	7	128	13	135	14	140	13	141	19	143	12	146	16	155	15	163	1	168	19	174	11	186	5	210	19	217	12	219	9	221	10	225	4	240	20	250	18	251	19	254	4	256	20	-1
237	7	9	9	20	10	18	12	17	20	12	21	12	30	10	32	17	34	9	40	19	43	16	55	10	60	4	63	7	64	7	69	8	73	3	78	7	79	2	86	19	87	1	94	2	95	5	97	7	101	16	103	9	121	6	128	17	145	14	148	7	149	6	151	14	157	11	158	6	163	11	168	9	175	20	176	6	179	14	180	16	183	5	186	12	197	5	199	16	200	17	212	19	219	7	227	17	229	13	233	9	238	1	241	19	245	12	247	19	248	6	250	19	251	7	252	5	-1
238	22	14	23	19	29	5	39	6	40	18	41	20	45	8	46	6	49	7	56	20	57	15	74	4	87	10	95	12	98	5	107	12	119	10	123	6	126	16	156	10	158	20	161	4	162	7	165	12	166	13	172	2	182	19	188	10	197	13	208	11	209	11	211	1	214	9	221	4	222	5	242	8	246	10	248	3	250	7	-1
239	12	19	14	6	25	16	26	14	27	13	32	6	40	18	49	6	53	7	63	5	68	2	72	2	73	5	76	12	83	3	89	12	90	19	101	15	104	10	114	1	119	18	122	17	126	11	134	9	135	20	138	5	143	11	148	19	151	10	153	16	158	6	160	9	165	5	185	1	193	11	197	16	198	9	199	2	220	18	222	4	233	3	242	13	243	1	251	7	-1
240	2	20	3	4	4	8	8	4	9	5	14	15	25	12	27	14	30	17	35	6	38	1	46	3	52	7	55	16	59	6	63	11	74	15	86	19	87	8	100	16	105	4	109	15	116	5	124	10	126	5	129	2	134	8	138	11	145	9	146	11	148	12	152	11	161	4	169	10	173	5	175	13	179	19	180	1	184	20	193	15	195	5	202	8	208	3	211	5	220	15	223	5	226	9	237	13	246	7	249	1	-1
241	4	11	7	10	14	15	15	4	16	5	17	12	21	4	26	4	28	10	31	7	32	1	34	9	37	1	40	2	43	14	53	17	75	16	76	14	77	3	81	10	101	8	102	14	103	4	106	3	108	14	111	3	121	18	138	13	142	2	147	5	149	7	152	17	154	8	160	5	161	2	180	18	182	4	183	6	184	18	188	13	192	20	196	4	199	15	212	7	214	19	216	7	218	3	225	19	231	4	242	17	247	13	250	9	252	19	-1
242	5	16	10	6	11	9	16	8	19	1	21	19	45	10	47	10	62	17	63	11	75	18	85	16	86	1	102	16	103	17	104	10	109	14	110	9	114	1	115	16	118	10	122	3	127	10	141	14	149	4	155	8	156	15	161	6	171	14	175	17	185	19	186	19	187	19	194	3	195	12	197	5	204	20	214	11	218	2	223	8	225	3	236	16	237	16	239	6	249	6	250	17	255	19	256	8	-1
243	14	9	22	6	39	8	42	6	46	8	53	14	57	1	59	7	63	19	70	16	74	10	77	11	81	10	84	15	88	16	109	5	127	7	130	17	149	17	156	3	157	13	158	10	159	9	161	3	164	1	167	8	178	14	210	10	214	4	227	2	231	16	232	14	246	19	250	4	253	19	254	17	256	10	-1
244	2	16	3	18	8	18	13	7	15	15	16	6	17	1	19	14	30	18	39	18	43	18	44	20	45	4	47	20	57	19	61	14	64	17	66	1	75	6	79	20	88	17	103	1	105	18	107	13	112	4	116	19	118	5	119	9	130	19	132	12	133	7	138	5	139	12	144	5	145	17	147	2	150	17	151	13	156	3	166	19	168	3	172	12	173	14	180	14	183	14	185	12	200	2	201	7	228	15	238	14	239	7	241	14	242	15	249	14	-1
245	4	3	6	17	22	19	27	18	36	2	43	15	58	9	59	4	62	16	77	5	86	5	87	7	90	20	91	14	96	8	98	17	99	20	103	7	107	9	108	18	109	10	112	4	116	1	120	15	125	12	128	6	132	1	134	17	137	14	138	5	151	20	157	11	166	2	175	17	177	9	180	16	187	1	196	15	205	11	210	17	214	8	216	5	218	16	223	4	226	15	234	11	236	10	237	3	246	19	250	17	-1
246	9	3	10	9	13	18	14	1	15	20	18	12	24	7	37	18	39	11	40	13	42	20	59	5	72	13	73	18	75	2	104	12	108	15	111	5	117	19	120	14	121	9	123	8	124	14	129	14	131	8	136	19	137	2	143	7	145	14	149	9	150	17	152	2	155	2	156	20	158	10	159	14	170	18	175	5	176	2	179	1	183	3	193	4	195	14	198	17	208	18	215	12	216	16	217	1	218	11	219	4	224	2	234	17	243	12	244	12	-1
247	4	1	6	9	10	19	20	18	28	14	35	4	38	6	44	17	57	2	67	3	73	2	74	16	77	13	90	4	94	14	100	10	101	18	102	12	103	9	107	9	108	19	123	20	124	14	125	9	130	15	132	3	133	20	145	13	158	11	159	5	161	2	162	7	163	2	164	12	167	2	187	13	191	9	201	3	204	5	208	12	210	10	211	12	216	17	222	17	232	14	244	5	-1
248	3	13	12	17	14	6	15	14	33	14	37	5	38	20	40	5	41	7	50	6	53	1	54	7	56	1	58	9	64	13	70	14	75	7	77	19	91	8	110	3	121	5	128	3	135	19	138	12	145	3	149	2	150	1	151	3	152	15	157	4	161	13	163	18	166	4	167	4	168	4	169	14	179	4	182	7	185	18	190	13	198	14	202	5	203	12	204	18	211	13	213	7	229	6	231	4	239	13	240	9	243	16	247	4	253	14	254	19	-1
249	1	3	2	13	18	8	29	12	32	2	34	10	35	10	37	16	50	7	66	14	71	10	72	19	79	6	92	17	96	3	109	13	113	10	115	7	121	10	126	2	128	5	138	6	142	2	146	20	155	11	161	13	173	10	176	3	183	2	184	7	185	17	194	14	199	5	201	7	208	14	215	3	216	7	229	18	246	19	-1
250	4	15	15	17	28	16	38	4	41	6	42	20	53	5	56	6	65	14	80	18	81	20	83	17	84	20	94	19	105	16	107	16	110	11	117	19	136	13	149	14	156	12	157	11	158	6	165	10	166	16	167	16	169	20	173	2	174	12	181	14	185	15	205	15	209	8	210	20	217	16	219	8	220	2	221	7	235	6	242	14	254	14	255	4	-1
251	1	13	2	5	6	12	8	1	13	11	15	12	18	8	20	2	29	6	32	19	34	7	35	8	37	10	40	9	50	3	58	15	71	5	73	16	75	10	79	10	96	11	112	13	116	8	117	9	120	10	121	15	124	20	127	12	133	15	137	11	144	15	147	20	150	6	152	9	157	19	161	19	168	1	169	20	171	19	183	4	189	14	193	8	197	19	204	6	212	11	215	1	226	5	232	11	234	9	240	9	247	5	255	15	-1
252	3	11	5	11	13	10	14	8	21	15	22	16	35	3	36	20	38	9	39	19	44	4	45	15	48	12	68	18	70	10	72	4	85	20	87	7	91	4	97	4	123	18	127	19	132	4	137	6	141	14	156	10	159	13	160	20	161	11	166	4	167	9	168	15	170	6	187	20	196	1	198	6	200	19	211	9	213	8	218	1	221	15	225	16	227	4	232	19	234	9	240	15	242	7	246	20	249	11	250	3	253	20	254	20	255	12	-1
253	3	15	4	14	6	20	10	4	21	9	23	1	28	12	29	7	30	3	36	1	39	11	41	20	42	8	44	15	46	5	51	15	52	14	59	16	66	15	73	13	77	11	80	20	86	12	90	20	95	5	101	20	104	13	106	17	113	7	117	8	122	20	129	16	150	2	157	12	158	11	160	9	164	2	178	11	181	14	183	4	189	19	195	19	207	5	214	9	220	13	228	19	-1
254	2	20	5	4	8	2	12	19	25	8	27	1	32	3	38	17	40	15	41	3	42	16	43	11	44	1	52	11	54	2	58	3	69	7	71	14	79	9	81	4	87	8	90	14	97	8	98	7	102	13	105	9	118	4	119	12	134	5	142	10	145	11	148	9	154	15	158	9	159	18	173	10	178	8	179	4	183	9	185	19	189	20	198	1	208	2	209	11	221	5	224	16	225	7	227	1	231	16	235	10	237	2	238	6	240	12	248	6	-1
255	2	16	7	9	8	14	13	14	23	4	27	19	29	8	31	20	39	13	41	3	44	4	56	19	58	1	59	7	61	18	64	18	76	15	83	1	85	19	92	5	95	15	97	11	106	11	107	3	109	15	110	1	124	12	127	10	135	9	137	1	138	9	140	13	147	16	155	18	156	19	161	13	164	15	167	17	175	8	178	7	179	9	185	17	190	14	195	19	199	20	201	8	209	20	211	5	213	11	224	6	232	2	239	20	241	15	246	12	251	15	253	11	-1
256	3	10	8	6	24	9	25	4	28	14	37	12	38	15	40	2	42	20	52	5	68	20	70	19	79	8	80	8	85	17	104	19	109	1	114	2	117	16	120	12	130	2	136	9	147	7	150	7	152	16	158	12	184	16	188	9	190	10	199	3	200	2	211	13	220	15	234	2	240	15	243	11	250	4	252	6	254	10	255	19	-1
-1
